294.348
389.588
198.69
233.621
286.174
283.233
239.55
309.581
395.578
289.289
457.305
386.807
253.558
293.146
287.318
265.569
257.718
372.851
274.959
274.26
317.667
317.836
250.853
255.556
528.069
335.672
262.708
307.738
254.405
221.485
267.048
299.032
262.147
237.756
269.382
241.307
282.878
396.535
351.484
252.818
288.134
348.272
340.999
254.039
165.669
280.872
304.934
356.346
257.789
208.161
331.23
320.754
357.015
390.947
181.77
278.877
209.815
227.385
328.892
210.814
328.318
284.41
319.386
286.62
334.208
204.022
333.805
233.408
217.035
209.274
269.196
278.293
276.06
244.154
397.197
290.31
292.521
345.511
258.912
364.987
219.014
233.29
277.592
277.382
349.601
329.572
398.493
271.185
250.392
253.484
208.364
233.268
313.627
285.175
422.933
306.586
279.472
344.987
206.955
206.326
260.669
241.389
247.076
355.114
310.168
239.537
278.415
214.002
297.872
239.309
285.984
378.771
209.161
285.917
312.695
262.211
436.028
417.298
280.248
246.121
290.269
278.837
336.155
234.353
327.232
339.388
417.628
336.441
264.358
277.95
394.168
394.459
273.814
201.105
229.096
390.037
231.917
312.449
279.585
351.525
228.058
190.705
215.856
280.455
330.221
324.115
295.904
333.357
308.478
290.776
251.962
378.598
347.53
368.589
252.2
310.385
340.373
166.672
195.903
314.476
353.253
375.594
275.587
260.847
246.602
238.135
266.633
287.831
270.011
195.514
186.395
251.786
275.497
393.638
345.089
252.666
376.349
267.886
224.007
320.018
277.342
323.754
353.236
285.784
199.677
328.563
271.503
304.275
249.262
352.217
252.406
339.444
370.344
455.264
308.017
369.708
270.068
179.964
170.609
337.46
330.948
302.805
277.851
282.439
202.184
241.971
193.592
238.705
149.166
268.034
465.102
223.662
372.454
397.928
215.84
315.22
353.568
306.628
320.629
232.092
242.687
316.439
295.456
453.995
262.117
247.852
303.626
320.085
240.862
218.324
362.212
259.411
232.847
265.756
240.693
340.731
275.021
339.558
208.236
369.931
243.085
363.766
327.118
291.625
314.98
447.586
316.677
312.83
277.851
323.237
201.232
312.899
323.1
303.547
378.609
302.069
366.042
317.73
253.645
240.075
314.352
280.65
335.527
283.021
228.02
251.289
317.654
172.822
415.039
288.237
285.111
274.415
319.477
412.675
300.137
294.475
233.638
403.187
234.326
297.481
360.174
358.347
309.573
336.856
214.645
278.502
255.702
343.798
371.207
285.217
472.363
299.29
311.984
226.146
279.462
268.314
204.32
358.179
311.505
190.069
241.44
249.993
366.885
249.578
308.194
279.21
277.781
297.131
343.502
425.326
319.744
224.291
350.126
295.448
453.91
310.979
243.468
325.974
300.993
238.642
340.184
363.454
353.947
284.287
332.005
277.339
216.093
265.149
214.561
182.237
285.99
267.732
367.039
234.762
327.628
309.169
212.541
313.225
213.17
306.039
199.913
236.176
333.386
220.878
332.441
288.225
298.084
379.909
255.495
354.614
283.182
332.035
341.489
398.666
297.357
245.488
270.13
375.493
333.54
343.129
380.006
368.346
324.363
309.497
273.356
195.07
317.443
266.567
295.821
253.007
286.221
251.465
248.226
308.199
268.189
317.782
257.859
219.243
342.865
334.599
290.376
332.622
287.899
260.218
325.666
229.379
324.669
239.421
351.024
250.642
314.953
311.579
347.933
320.9
218.083
323.532
278.564
286.197
260.25
304.905
314.304
305.001
236.382
304.933
328.041
175.668
306.309
293.761
290.029
357.285
289.942
409.532
262.059
277.049
301.707
334.813
400.01
267.65
279.353
344.394
234.691
277.255
225.784
372.858
366.336
305.22
353.768
230.44
448.028
328.595
308.854
428.221
251.685
351.422
199.851
306.261
359.978
271.731
261.486
273.934
266.234
425.206
320.455
240.699
329.667
217.205
277.362
260.404
280.054
350.186
235.95
318.971
282.233
273.488
291.619
301.268
263.262
213.718
254.729
230.051
215.485
281.993
271.373
221.209
244.849
408.822
320.711
397.953
344.057
295.01
230.779
301.242
299.817
268.748
247.388
236.838
223.72
225.065
288.598
396.417
223.801
318.472
355.696
371.236
239.398
224.73
312.421
258.45
325.331
277.115
268.497
222.166
327.219
279.639
247.521
273.139
254.884
241.42
337.545
278.33
269.014
494.562
426.19
317.622
226.038
381.958
402.808
313.209
262.119
261.409
364.315
217.473
327.305
270.478
338.278
390.302
253.308
315.853
425.227
361.703
254.636
215.693
313.458
323.254
206.31
239.014
299.398
376.011
278.78
256.191
253.341
358.85
326.194
261.299
235.476
259.59
401.263
222.549
245.18
278.772
309.075
380.804
235.711
279.482
313.845
286.188
274.05
423.027
349.866
308.439
348.47
266.166
412.094
283.565
231.341
402.055
344.267
314.351
247.813
158.297
342.109
254.012
399.428
258.604
200.396
334.893
368.037
180.495
395.521
190.87
344.151
273.228
247.066
316.846
233.845
388.436
264.244
248.612
333.613
228.573
293.266
342.998
303.045
254.776
279.52
296.853
244.548
335.531
253.737
312.684
194.913
290.246
242.14
261.223
320.967
310.33
297.088
266.694
341.639
305.897
244.3
258.331
292.478
399.942
260.075
417.817
300.929
263.592
349.81
382.193
272.046
309.192
224.429
268.102
408.07
276.438
317.825
216.998
295.547
225.97
292.691
277.789
253.284
269.328
233.103
299.196
229.421
314.764
329.649
192.115
351.492
272.525
282.839
243.96
287.593
299.587
245.238
239.708
321.252
229.703
328.848
427.901
270.767
239.611
220.206
384.752
268.313
285.832
252.777
325.475
297.098
326.579
325.803
278.407
261.3
220.157
281.268
245.91
360.556
214.984
333.091
264.516
316.233
251.635
222.738
295.987
192.796
283.151
324.038
273.933
376.156
318.264
194.298
251.985
397.175
261.964
262.441
405.472
319.712
298.942
242.009
279.452
315.758
300.857
425.611
223.271
341.178
282.347
233.427
344.131
235.392
243.5
273.583
305.959
333.052
231.854
234.981
271.034
488.606
361.708
341.738
187.785
335.058
288.482
347.811
282.108
297.872
316.81
242.804
351.085
327.633
363.169
305.053
327.447
316.973
292.525
248.024
385.161
299.49
290.381
335.071
252.365
231.217
348.178
233.051
234.414
197.602
402.031
315.515
245.183
236.37
246.773
263.751
351.66
271.462
312.148
282.177
289.265
218.034
470.661
282.79
326.07
293.029
264.677
211.394
361.751
260.394
211.492
284.56
299.937
398.002
223.207
409.698
307.831
325.209
274.474
392.324
330.518
312.404
225.08
300.544
345.988
229.638
278.453
306.686
230.7
348.713
323.831
394.907
319.122
209.795
204.582
356.257
340.25
252.465
314.88
357.517
299.981
228.551
279.492
218.112
390.921
296.269
328.91
278.697
257.805
242.56
258.709
244.027
337.24
237.15
272.23
278.101
217.709
331.249
441.017
275.222
315.286
300.46
276.889
297.447
260.942
228.115
226.398
292.485
238.604
322.413
257.146
314.141
256.928
228.895
285.642
216.548
274.159
363.968
197.38
239.977
254.524
269.192
297.198
281.323
303.326
322.473
344.028
349.72
244.864
312.507
247.506
248.734
273.904
221.614
231.305
259.998
303.059
249.349
423.833
306.881
475.95
397.989
299.251
322.507
328.267
243.289
291.966
342.968
330.137
189.445
243.209
301.565
248.092
301.735
454.129
377.811
330.872
365.525
264.412
244.301
266.847
290.055
315.887
235.067
296.839
190.253
236.239
304.381
263.645
298.329
257.215
333.094
234.339
343.42
224.581
204.698
296.313
261.564
323.944
256.329
442.213
309.177
342.494
297.341
228.761
253.431
243.553
255.548
349.19
418.325
351.324
270.486
327.621
279.424
311.351
247.296
259.459
380.289
252.513
215.234
497.629
390.512
323.947
272.275
219.07
324.86
340.525
276.193
313.146
425.928
330.355
442.529
310.255
271.314
284.631
260.669
216.36
274.964
289.815
305.541
340.902
254.087
266.383
313.016
350.346
333.694
330.969
233.571
205.61
216.717
273.425
381.411
371.194
303.309
352.935
252.246
352.714
312.505
308.743
401.262
299.469
274.061
391.31
250.391
324.024
327.857
210.242
232.558
381.168
254.164
351.231
414.017
266.427
209.971
192.609
377.729
371.44
336.925
274.647
301.295
311.388
277.201
300.882
320.076
233.047
330.591
247.444
364.069
481.967
304.951
401.384
231.772
321.575
281.125
315.14
337.083
189.983
289.02
300.887
214.738
392.257
354.075
318.481
294.575
517.513
223.985
345.921
305.574
566.587
222.217
211.568
179.454
336.033
318.391
257.354
243.75
233.983
281.314
321.979
208.855
315.797
359.511
242.245
295.511
185.148
286.957
347.206
339.247
273.296
335.143
419.635
287.95
264.841
226.677
278.169
300.061
351.832
252.016
366.656
254.649
239.138
316.578
295.45
233.854
251.738
378.635
375.241
273.749
266.317
377.025
296.197
309.252
234.294
392.655
337.951
321.33
295.545
318.102
276.998
215.61
334.037
204.552
287.302
281.417
260.765
261.024
349.136
320.428
473.24
351.183
380.498
265.253
324.478
346.682
293.03
263.17
276.004
364.75
288.459
235.689
297.41
203.579
223.127
305.875
316.175
299.504
270.187
294.258
221.391
469.633
289.004
234.006
281.285
470.018
189.179
283.644
380.573
290.386
207.1
316.819
379.462
242.573
300.2
338.749
262.6
225.259
220.277
239.007
261.339
219.666
314.896
278.251
367.174
283.934
244.518
327.387
408.834
213.357
241.352
314.457
259.611
255.17
221.225
283.758
359.435
315.761
300.439
285.155
256.301
298.648
422.882
318.536
468.246
223.127
324.533
380.569
335.401
325.477
408.531
258.845
265.787
327.465
202.459
225.855
276.051
311.69
380.639
317.457
386.024
291.236
260.732
275.501
294.644
348.768
298.884
340.347
349.979
298.732
424.335
304.825
262.225
337.117
263.743
290.612
253.146
353.502
289.01
346.615
306.159
352.7
305.208
314.06
184.507
236.306
285.099
296.679
249.465
360.712
338.936
253.446
291.645
407.177
249.514
390.099
238.219
230.028
226.601
233.765
330.202
422.31
266.405
287.609
351.397
267.609
340.476
411.637
235.284
260.628
283.567
215.65
292.947
325.746
235.096
242.865
215.929
325.757
353.623
338.297
288.644
279.669
337.399
269.369
267.296
244.914
393.854
255.182
298.625
213.026
175.994
282.053
398.042
298.972
284.136
282.168
198.627
314.421
337.262
175.539
382.455
242.179
310.012
301.555
290.619
318.492
317.079
203.399
312.08
280.872
234.487
346.941
219.987
317.237
297.877
225.281
247.863
272.08
207.891
214.411
402.378
228.113
228.813
320.841
257.603
259.21
274.95
274.514
314.677
251.338
280.236
311.389
372.223
305.805
251.896
352.054
354.182
295.308
297.298
247.192
260.694
235.028
253.42
238.521
386.656
272.423
248.839
335.069
291.797
327.206
259.909
195.222
319.438
226.151
268.516
401.045
297.31
342.392
290.668
262.182
287.537
316.576
294.03
329.38
256.476
379.239
174.81
260.395
325.958
278.095
256.476
339.607
322.946
387.046
418.251
225.366
300.294
308.271
243.354
197.527
264.939
270.01
197.562
220.857
252.609
293.519
361.184
244.415
301.396
230.586
282.135
233.337
284.004
324.73
294.549
186.413
312.11
252.661
335.508
345.433
261.806
284.28
195.892
209.624
307.363
366.86
466.552
276.937
275.144
221.785
357.93
295.213
247.939
441.762
321.566
361.115
250.501
286.887
305.92
310.188
333.101
344.117
332.628
209.707
278.305
391.872
220.398
331.97
300.297
286.27
305.354
310.737
321.433
224.426
291.146
196.087
392.521
232.867
264.64
211.336
273.77
344.907
277.592
296.682
332.664
423.392
309.667
395.123
226.593
195.229
398.88
381.209
246.133
270.284
308.676
219.27
280.581
318.563
320.34
290.234
297.833
304.764
222.74
285.516
303.174
280.726
242.59
330.508
269.351
205.069
330.967
245.73
341.611
293.892
302.051
220.982
348.876
362.055
356.491
339.237
224.827
264.909
279.436
302.801
282.712
212.115
309.29
317.069
272.352
317.194
276.186
329.237
259.365
364.312
262.38
319.415
191.578
242
365.141
217.354
303.6
238.097
191.339
432.126
305.623
277.021
240.603
222.421
336.503
307.258
301.924
409.151
269.717
282.458
541.174
365.229
352.963
222.208
327.65
182.778
268.699
303.779
279.611
348.038
233.384
367.916
313.52
301.372
290.543
335.948
352.429
227.798
311.423
385.984
338.256
267.369
272.711
413.512
228.652
281.478
270.179
341.981
255.975
343.001
300.205
237.96
209.025
279.78
194.103
252.999
290.252
373.975
351.573
268.052
366.759
349.612
288.994
485.104
283.49
337.935
224.99
386.448
254.397
402.788
231.161
339.194
260.087
284.943
424.922
363.406
225.667
297.097
245.614
239.193
291.817
214.645
322.011
299.714
373.075
201.687
217.038
207.032
268.804
319.943
320.196
421.013
276.884
228.479
279.997
234.113
217.22
341.88
283.401
283.027
495.866
240.095
219.343
305.462
253.978
280.848
344.14
184.783
317.97
351.141
286.365
256.939
320.825
277.173
410.096
365.691
215.217
243.981
281.94
419.853
324.963
266.835
329.735
294.469
345.828
363.949
312.08
345.321
259.821
225.012
312.486
363.861
385.029
243.904
354.695
277.162
280.629
333.951
316.757
288.672
180.605
263.741
333.515
317.224
216.908
215.556
348.6
324.759
192.459
346.672
307.811
282.012
304.095
301.961
318.107
275.767
265.1
370.025
311.809
356.24
257.771
209.748
289.254
281.935
339.03
288.851
210.689
283.666
244.814
251.423
309.877
375.465
307.939
395.504
360.881
393.983
317.794
313.262
292.208
370.358
345.226
223.275
270.749
304.4
289.151
298.698
255.647
223.88
323.51
378.909
255.752
283.462
219.319
293.182
278.949
232.805
195.801
291.18
338.483
248.146
312.266
270.398
297.754
378.344
289.188
403.444
357.603
286.21
410.739
348.367
291.652
236.111
190.553
306.231
261.337
342.642
373.152
331.615
410.899
301.036
218.043
212.265
426.44
358.191
274.462
334.04
253.211
257.054
346.433
202.278
193.403
288.883
281.473
193.65
229.448
266.879
378.977
318.964
282.097
196.999
298.871
275.256
293.685
300.119
307.036
497.503
200.62
255.363
255.295
359.686
338.333
438.108
304.969
312.461
306.58
289.482
272.97
280.887
320.545
274.178
319.875
246.407
418.617
301.662
306.44
342.617
216.859
272.324
259.314
245.746
324.995
274.854
292.266
305.524
235.823
398.224
364.175
400.326
264.136
207.232
396.073
327.418
320.62
314.039
240.395
291.1
355.375
255.929
420.698
230.656
220.304
232.442
305.694
366.479
231.856
381.267
341.572
261.508
311.778
320.103
359.411
211.685
217.772
398.077
185.422
321.242
354.955
360.155
354.069
272.209
249.715
227.617
436.156
292.984
223.195
219.276
203.231
397.041
230.157
290.683
242.683
271.451
314.404
441.211
377.445
322.38
319.278
331.247
310.751
215.467
328.226
244.202
229.333
261.793
213.448
284.145
284.546
260.477
339.097
262.496
322.926
385.915
290.12
170.491
310.612
178.509
226.683
239.3
325.059
386.855
418.332
397.782
287.556
303.727
236.395
343.362
274.335
375.155
207.289
286.193
236.69
312.882
281.353
311.86
285.914
262.179
274.023
232.242
311.472
312.255
186.327
336.847
220.776
397.963
246.855
216.678
276.295
277.846
204.459
308.618
280.894
444.373
357.617
294.898
292.06
297.902
289.267
336.744
435.431
357.348
393.649
321.952
226.995
261.991
266.842
308.082
256.476
282.756
205.928
285.519
257.633
298.075
271.314
212.618
273.997
346.085
363.629
338.863
352.298
254.744
387.096
258.47
363.001
257.75
255.682
336.165
335.021
314.751
297.14
239.212
307.89
356.409
306.029
379.789
470.594
192.268
321.779
231.273
274.067
180.368
252.251
295.344
331.781
325.845
348.234
341.74
375.437
371.578
392.291
295.595
226.282
278.798
216.443
330.295
276.747
242.297
290.583
279.739
323.718
260.683
232.849
263.505
220.562
271.204
254.581
287.77
353.717
277.984
205.202
254.686
301.204
364.013
347.035
249.947
291.812
384.575
220.308
241.644
296.342
252.25
320.312
247.829
225.058
229.215
334.127
330.334
278.558
244.263
275.431
344.092
275.768
288.943
268.379
253.464
334.628
312.503
377.24
240.427
347.849
254.56
331.43
236.358
317.2
303.908
281.251
343.118
233.615
447.492
214.402
385.492
210.424
220.892
291.268
249.899
431.19
356.5
274.643
408.381
236.567
267.373
348.386
306.809
226.759
382.352
303.172
220
289.499
358.533
227.93
295.178
261.687
294.326
269.158
317.348
365.903
305.73
323.148
233.662
373.741
281.086
306.883
223.938
367.413
310.479
323.772
329.242
362.205
250.346
232.98
340.775
310.496
268.316
314.998
292.668
436.338
310.475
361.334
219.899
395.743
488.71
287.305
271.607
329.08
406.881
342.194
309.679
287.117
259.045
307.542
213.366
424.408
314.994
224.939
300.727
388.452
306.022
279.33
338.238
375.201
330.024
316.399
254.365
302.504
261.879
319.031
289.835
286.84
266.207
270.925
326.856
307.028
247.407
254.467
272.163
305.88
367.298
219.685
356.017
281.02
315.406
267.683
271.508
351.145
322.731
354.535
326.069
204.381
327.271
440.692
327.406
333.068
247.597
269.3
296.432
377.221
237.463
368.956
195.167
255.948
274.432
289.562
239.795
280.947
336.223
250.467
260.498
297.733
218.397
278.984
375.429
225.713
228.554
385.34
307.533
359.308
344.827
312.623
289.32
228.43
380.625
424.186
334.488
445.355
349.033
305.543
232.424
278.95
248.375
345.799
265.692
341.483
299.217
179.896
215.361
235.046
250.624
326.472
254.156
254.06
246.985
317.006
202.773
339.673
279.408
292.739
174.666
277.779
220.464
296
278.556
287.236
266.777
232.348
316.115
286.927
232.608
189.883
392.997
252.442
357.231
411.543
414.487
246.045
300.432
245.591
212.911
321.303
185.282
289.508
202.638
325.369
272.639
329.709
379.646
262.531
252.177
379.686
321.416
206.564
263.175
286.177
221.68
314.641
389.242
155.634
285.093
216.307
176.908
195.765
254.396
338.78
404.721
333.494
371.652
211.812
233.584
333.207
243.184
289.233
274.955
242.835
182.935
325.239
309.432
279.531
237.621
281.739
302.765
299.441
336.226
271.358
276.613
383.67
309.226
310.685
301.653
288.235
222.963
374.357
272.471
363.683
286.558
256.947
213.768
320.704
217.171
368.315
269.193
273.298
320.589
208.121
353.959
232.233
242.359
319.299
230.163
266.639
333.883
247.046
395.746
294.152
327.885
257.275
327.797
235.724
283.327
242.494
338.74
264.757
247.571
249.269
452.314
260.817
313.862
337.963
267.968
271.007
267.497
274.798
295.746
487.283
235.914
289.841
334.976
306.429
317.718
370.115
176.452
327.435
302.803
174.341
236.316
393.86
346.692
269.615
270.1
257.383
248.915
282.223
299.918
204.27
307.007
299.592
354.192
243.495
275.959
349.926
224.928
185.479
344.236
392.489
245.885
343.654
316.889
255.798
355.05
321.292
383.75
273.242
255.771
264.449
436.212
318.714
402.655
384.431
353.353
329.162
266.629
358.298
205.231
304.435
284.814
270.176
253.493
266.439
402.891
356.069
355.167
303.109
293.602
280.866
262.122
293.435
240.864
381.324
245.215
314.487
314.976
332.096
220.975
186.215
204.882
253.388
278.013
306.969
432.335
369.794
320.218
197.069
330.523
179.997
196.095
292.994
323.47
366.013
289.723
291.466
358.973
249.508
357.577
367.456
389.809
271.778
231.308
217.254
287.707
237.89
283.703
412.427
369.905
352.913
278.099
386.852
335.132
321.777
304.604
463.272
298.185
311.235
331.493
310.209
243.209
401.131
250.078
322.138
187.248
299.965
259.634
278.421
221.712
217.449
242.606
358.318
178.475
254.71
225.015
275.737
389.778
285.185
357.434
372.532
343.419
328.861
346.484
183.411
260.158
365.188
249.391
260.904
204.127
389.354
258.791
267.592
307.148
339.043
306.511
328.948
456.991
351.624
388.684
281.313
170.488
266.345
225.083
344.07
211.521
408.211
299.655
228.298
243.211
281.415
286.438
316.245
268.107
292.601
288.689
257.831
396.617
297.409
369.6
295.192
228.627
277.161
271.696
195.327
223.684
209.895
298.89
261.777
213.31
396.346
265.11
295.313
355.121
334.342
226.992
249.716
274.292
267.815
293.838
230.266
154.011
224.698
327.592
280.83
257.001
272.903
273.466
234.326
275.982
295.099
270.728
268.436
249.998
265.972
396.961
253.658
362.418
232.449
355.401
270.705
253.209
364.737
196.061
282.199
227.841
289.614
333.992
314.59
219.459
307.012
397.375
373.007
252.175
334.969
310.525
191.649
282.998
264.878
263.853
323.636
484.878
250.506
201.338
253.448
320.53
274.647
296.27
213.295
253.002
281.489
287.564
405.474
294.854
305.456
275.284
265.487
408.059
362.408
378.598
221.021
278.62
268.978
353.77
229.396
418.069
198.457
254.849
282.8
266.182
262.718
415.683
295.937
312.742
361.201
324.89
338.84
206.642
329.554
329.632
424.988
284.735
226.359
269.23
374.464
294.293
325.415
273.32
329.067
494.371
328.765
349.001
289.032
384.031
348.063
264.15
326.997
306.1
287.381
339.176
253.532
329.87
256.688
349.853
271.339
140.47
281.276
297.88
189.853
258.166
173.141
311.175
187.825
275.263
192.756
263.977
328.026
333.679
279.936
265.756
203.987
340.035
290.343
264.661
205.905
253.746
320.185
337.608
404.977
285.607
279.776
290.274
303.565
246.026
278.134
261.155
269.145
174.165
308.134
335.358
329.007
308.484
224.731
337.08
271.276
364.069
285.845
295.369
337.764
291.693
347.95
302.168
308.28
221.02
231.124
237.896
243.643
291.901
228.928
309.127
381.564
321.834
300.117
321.415
336.979
265.765
277.174
258.103
266.342
357.79
321.986
417.588
380.766
278.758
331.819
352.217
232.748
235.538
195.608
252.624
281.837
340.119
233.748
312.129
444.515
390.979
231.998
205.559
446.673
363.518
279.603
277.973
282.249
306.259
352.565
324.547
366.609
345.554
245.695
204.578
364.547
339.416
334.819
224.826
323.618
339.486
222.314
214.077
336.029
425.525
418.01
221.367
195.005
265.324
379.955
336.287
209.363
247.259
305.237
197.491
244.631
211.539
389.853
271.46
304.349
207.908
302.238
368.954
210.962
394.892
286.575
290.872
394.845
272.707
322.933
213.471
387.226
178.766
311.976
251.568
224.163
398.27
291.145
294.415
292.716
313.084
307.549
324.912
268.983
311.12
246.569
215.055
377.734
277.573
438.962
402.901
204.911
356.272
290.592
259.221
166.977
219.698
334.116
286.423
317.468
370.874
351.908
132.38
239.188
277.722
238.921
411.721
338.047
244.119
402.986
284.166
352.46
278.806
254.745
317.63
227.283
242.613
262.206
229.437
241.094
358.202
411.06
313.382
235.358
330.336
273.656
195.279
271.436
216.049
293.392
312.016
378.229
270.922
360.217
250.431
250.384
336.397
367.111
251.321
391.082
345.834
339.728
286.909
290.163
356.752
275.293
382.45
272.023
245.958
313.248
227.046
210.744
293.177
239.325
352.582
224.614
338.515
221.022
414.545
343.394
234.946
223.089
191.044
301.03
309.959
198.367
315.552
273.686
259.519
279.754
337.302
301.781
236.75
370.05
272.894
244.768
414.032
271.794
209.575
318.605
313.488
322.527
297.216
271.159
243.807
272.485
323.557
358.135
297.266
305.617
383.645
328.321
344.347
262.398
254.237
277.877
268.4
252.737
277.808
231.601
320.789
451.311
244.378
326.834
274.283
450.605
321.613
442.025
312.775
338.932
317.237
263.697
278.689
255.608
300.157
240.772
336.821
273.967
285.018
298.627
276.686
282.259
298.764
364.363
285.432
265.298
363.983
254.841
333.042
330.853
368.824
324.785
263.396
221.314
287.894
268.65
343.678
214.761
228.774
222.484
369.41
270.455
427.347
249.248
298.51
403.877
225.942
235.478
205.499
254.789
315.059
452.029
332.451
310.426
271.373
257.013
223.962
262.466
319.376
217.252
397.341
301.91
262.481
481.258
385.504
278.055
242.126
389.275
272.527
299.949
295.407
321.945
268.738
300.822
302.226
317.427
307.421
276.004
231.927
244.732
379.048
278.639
256.661
422.928
199.694
277.022
309.309
308.245
351.691
309.809
234.592
335.742
261.908
349.037
319.789
299.202
147.279
388.889
316.127
339.186
339.943
260.555
263.68
439.895
411.35
279.199
344.127
298.702
406.087
382.114
293.008
262.704
271.747
272.703
276.419
269.796
243.598
295.225
274.021
323.938
271.721
259.737
395.017
238.064
330.876
387.311
290.809
315.878
317.008
263.167
358.522
286.818
309.89
323.278
272.869
272.836
356.544
358.743
339.789
305.535
264.071
331.233
309.828
285.286
305.825
345.214
260.099
171.675
220.184
267.456
231.883
223.156
307.304
249.674
327.151
336.965
359.916
232.522
266.949
428.293
280.216
337.241
170.22
225.839
262.399
470.737
295.632
419.014
391.024
263.929
337.226
318.7
266.586
368.739
256.487
252.086
520.413
312.073
450.356
360.269
362.893
224.67
300.812
367.193
219.868
301.182
396.296
261.256
287.747
323.353
235.625
414.945
331.489
298.601
343.467
325.903
245.963
232.09
199.625
227.702
297.482
183.178
495.424
393.348
256.32
324.55
283.714
250.343
200.594
485.223
209.054
340.257
320.533
367.731
219.472
383.86
407.24
271.425
335.158
359.706
284.306
337.977
308.503
362.852
235.806
253.134
291.224
270.035
316.942
390.497
381.098
359.548
304.006
317.817
297.342
320.637
258.015
323.276
344.762
286.771
232.791
237.75
231.628
345.666
593.851
304.753
303.97
302.955
200.429
375.596
352.519
276.42
369.431
312.043
248.673
247.906
254.223
201.926
187.332
281.325
234.405
340.579
343.547
312.918
269.962
304.664
243.8
268.269
277.829
191.466
257.577
261.883
345.239
207.894
276.858
221.16
246.837
202.911
341.971
210.663
258.468
339.372
275.788
346.803
236.851
338.532
218.534
255.212
385.089
232.886
373.736
338.758
234.627
407.797
469.929
193.519
295.481
261.918
347.566
278.875
289.618
370.172
238.209
298.943
298.331
331.549
398.726
387.017
218.398
276.305
272.613
264.804
217.688
257.524
349.851
363.367
224.552
236.203
221.633
237.277
282.567
331.589
329.25
248.713
274.478
288.006
342.572
283.747
337.047
229.176
249.531
270.908
246.051
310.17
330.809
427.891
366.737
346.827
401.278
156.589
239.255
251.053
394.659
182.844
246.343
371.921
291.027
301.233
329.856
360.93
172.262
207.907
314.842
346.06
395.447
357.602
220.471
275.197
260.372
244.481
281.186
220.824
185.982
400.78
337.656
257.124
306.843
242.504
211.174
246.325
311.554
311.863
241.144
280.488
335.702
394.801
271.866
356.194
377.793
191.089
347.637
350.352
383.803
324.737
357.025
277.958
298.58
347.589
311.268
299.554
353.037
350.342
353.776
351.309
335.321
235.822
237.105
231.214
375.844
274.524
260.834
277.142
524.288
341.704
317.764
332.202
174.272
266.096
329.738
256.834
307.022
246.117
310.46
371.976
275.768
390.034
309.992
241.285
434.981
311.508
280.028
288.376
237.38
316.857
280.012
309.62
264.096
335.87
291.534
387.651
285.404
334.14
258.547
347.03
250.194
232.823
265.15
292.1
294.041
324.611
189.424
362.371
294.86
282.699
190.598
257.1
319.356
307.066
273.365
411.834
277.116
374.613
322.678
195.599
419.799
238.174
204.909
367.813
287.274
404.936
280.941
201.926
272.061
241.348
267.292
245.008
235.948
213.855
199.589
254.226
288.012
233.817
341.12
256.36
274.859
347.669
307.27
281.747
299.357
366.619
291.647
313.617
258.612
286.936
416.703
419.099
308.599
363.036
332.341
306.417
347.167
277.149
226.661
387.776
251.201
182.572
295.218
272.65
416.017
342.903
292.71
209.802
277.912
217.154
362.732
234.492
318.658
342.638
407.516
268.568
241.467
343.536
292.74
262.483
332.089
266.377
245.614
378.303
296.261
291.158
269.258
341.083
208.576
283.516
175.186
246.234
316.701
247.049
251.407
331.837
312.681
198.183
395.991
375.571
314.603
170.252
288.779
214.608
229.647
198.178
465.79
294.383
270.069
390.732
327.037
217.942
290.941
266.853
292.487
282.939
220.517
205.701
327.83
304.954
206.301
379.212
284.562
215.788
380.243
267.128
322.705
369.598
217.208
270.032
356.32
188.329
309.087
337.38
208.133
259.903
267.242
232.753
314.921
290.458
336.37
385.916
257.494
259.287
394.01
290.03
342.953
322.535
333.771
385.114
328.71
260.454
368.346
199.624
386.939
317.162
340.845
430.843
366.453
381.376
264.586
260.643
290.226
280.515
293.961
279.618
346.616
368.837
308.621
393.199
289.607
233.824
365.182
273.39
336.211
264.386
262.012
252.132
314.912
358.991
284.205
271.816
267.334
327.26
226.672
347.613
239.587
227.6
321.09
310.77
204.39
203.996
227.432
241.604
245.725
316.152
195.821
258.966
225.542
336.497
355.612
277.692
310.816
205.901
301.525
278.595
379.304
209.747
294.549
310.164
244.951
331.361
192.695
328.092
295.357
372.424
313.434
264.014
295.969
320.026
226.237
395.227
308.292
274.373
207.5
322.341
376.112
230.19
643.549
253.035
224.425
343.213
435.166
305.564
262.798
227.245
378.394
274.949
210.776
271.983
156.529
350.063
203.301
237.625
247.219
326.328
300.464
296.256
365.151
342.481
277.319
365.321
288.183
303.184
231.002
292.769
350.097
322.522
195.677
322.981
256.942
275.375
215.64
264.668
296.682
271.001
341.854
307.532
240.312
283.424
497.655
315.451
391.626
285.947
212.823
211.049
273.263
261.247
222.667
351.928
285.641
374.976
257.68
365.281
312.868
305.042
286.351
271.394
268.093
291.989
248.719
230.634
268.082
300.531
222.404
361.076
236.887
371.491
295.13
262.102
359.505
245.454
228.624
339.597
314.292
228.768
359.109
201.299
269
333.501
367.428
397.886
250.599
250.048
359.243
324.169
221.952
306.362
447.584
235.526
273.073
283.801
325.192
333.555
246.691
243.138
368.196
263.708
299.417
256.401
376.026
229.877
284.847
269.898
355.328
320.894
378.352
426.362
321.499
172.679
281.523
241.648
224.917
320.855
252.342
273.275
233.556
326.039
332.163
340.792
305.051
412.504
291.348
277.083
308.828
244.15
526.76
229.397
284.81
379.033
289.069
269.848
276.137
281.241
244.866
291.726
352.111
269.785
348.413
250.573
351.222
227.535
264.438
309.007
252.492
267.077
227.789
390.092
373.516
261.248
425.489
311.459
268.323
410.777
294.957
301.301
316.275
214.331
256.886
392.719
262.402
217.313
208.375
383.011
263.21
471.913
246.693
173.477
287.55
280.558
353.968
268.137
266
287.404
251.553
341.35
298.295
400.779
340.836
261.66
331.17
361.323
417.156
251.174
296.273
304.596
339.26
309.346
241.787
308.718
345.867
342.265
248.471
306.133
312.254
252.893
284.71
276.645
203.4
258.529
253.202
336.705
236.169
319.812
286.947
230.679
387.417
323.683
384.395
310.622
370.734
219.45
337.707
280.937
405.988
252.377
231.212
325.317
421.933
316.7
200.068
284.952
325.289
332.303
289.946
277.457
202.055
309.405
298.553
235.708
388.634
314.25
298.965
282.382
210.809
386.15
292.527
275.36
293.964
230.96
343.344
234.277
307.038
236.919
343.337
356.669
244.917
213.957
317.875
313.549
231.752
288.315
281.21
215.624
269.013
302.999
276.368
265.129
275.862
260.212
305.161
269.528
413.518
309.329
235.038
263.44
324.681
352.764
230.224
253.434
296.162
226.703
205.036
286.051
303.849
273.067
140.741
245.072
332.111
181.964
248.689
426.001
325.385
312.234
226.591
279.883
249.927
238.505
253.198
281.502
317.477
391.089
370.725
196.525
349.736
368.291
208.157
310.31
485.97
251.742
320.478
267.317
242.487
211.617
198.362
250.504
271.223
329.889
339.226
293.121
333.807
338.816
300.694
255.492
266.756
360.878
232.463
295.198
298.699
262.945
229.698
414.169
293.738
405.152
222.008
241.636
222.587
252.794
270.314
257.644
222.28
279.88
213.527
273.297
295.491
316.232
214.963
294.64
238.647
253.817
242.774
331.649
359.87
275.377
361.135
407.085
270.037
252.791
325.902
254.766
294.337
232.71
421.039
261.289
245.141
334.935
346.93
386.647
338.911
312.376
223.083
414.061
330.443
414.304
197.007
190.561
258.026
404
350.961
274.038
387.309
340.061
361.789
410.121
261.071
205.262
218.975
234.818
252.349
253.336
315.428
249.268
219.788
222.598
319.687
224.097
208.058
282.89
356.122
281.996
313.634
230.782
252.265
323.46
245.315
307.905
286.93
289.706
298.881
236.935
294.48
383.419
289.606
350.516
275.294
319.369
245.552
325.887
318.904
231.202
215.031
189.05
363.969
370.618
287.345
315.538
349.574
296.184
259.183
363.36
325.535
186.533
239.816
242.937
239.194
229.494
294.485
264.012
313.278
231.552
375.217
319.825
335.894
342.334
466.148
279.03
290.857
331.605
321.951
249.245
222.289
249.923
365.798
294.781
415.414
200.599
314.17
400.821
195.514
332.719
342.386
245.894
309.813
225.722
257.933
259.189
214.824
238.843
239.517
291.456
308.764
271.959
290.487
344.629
212.37
387.364
269.808
321.27
206.314
386.195
266.281
444.615
323.32
263.168
278.885
365.141
304.003
281.745
319.952
279.401
386.507
260.307
343.286
304.745
270.919
175.577
230.619
267.053
248.676
234.106
301.017
304.685
290.93
301.282
327.432
275.988
218.787
310.523
289.29
181.275
266.066
365.52
289.038
281.548
341.806
309.386
244.02
230.344
272.565
309.595
254.942
312.751
234.467
223.962
258.296
259.809
280.375
309.54
291.835
276.347
226.04
276.496
307.34
357.096
480.123
315.611
196.039
471.619
257.59
251.008
325.86
235.917
374.553
289.403
210.448
377.063
235.69
244.141
239.485
232.526
272.97
215.128
347.222
306.957
319.611
375.71
322.109
293.373
346.128
255.719
247.918
325.58
240.16
207.885
228.052
360.182
290.788
233.614
201.888
398.147
316.248
275.784
234.634
352.858
309.228
304.182
360.721
444.235
258.115
261.872
374.368
288.99
238.54
210.137
259.111
285.878
283.823
351.214
258.666
452.363
229.599
332.068
451.858
356.78
319.206
246.007
435.727
271.579
319.857
382.24
236.337
285.975
261.938
250.514
277.551
264.296
296.475
280.998
256.343
264.901
262.141
231.557
349.335
278.519
326.01
299.013
199.359
302.361
276.01
291.634
212.71
269.43
372.269
309.408
251.01
290.118
250.902
346.439
408.542
319.779
278.436
322.366
352.572
363.502
377.995
309.757
324.737
284.789
323.463
375.182
362.456
365.694
220.687
221.406
227.619
343.066
270.996
278.945
253.937
394.159
362.983
210.996
366.419
329.76
374.326
237.427
388.753
213.505
484.035
323.244
193.576
308.185
443.683
261.223
265.973
262.959
303.898
276.685
247.824
258.258
288.641
435.823
247.578
225.91
255.451
225.892
323.347
235.773
338.789
328.677
271.552
384.051
334.567
205.516
215.427
248.067
241.659
233.42
261.513
241.48
306.557
299.406
380.736
234.133
322.155
377.886
312.603
363.42
469.564
330.501
187.39
317.392
341.195
300.611
251.482
260.124
260.443
236.706
376.297
186.027
289.102
275.79
287.88
404.42
290.32
285.197
262.851
321.418
287.156
308.689
297.084
240.732
397.993
242.765
329.29
279.113
372.042
234.003
302.135
314.72
197.385
258.798
349.201
291.611
266.995
341.956
340.313
303.818
281.793
308.343
233.803
332.496
307.503
335.143
360.288
468.011
285.369
253.701
379.979
395.709
398.377
373.741
256.98
276.682
317.063
285.516
433.262
318.191
232.93
244.492
326.465
300.1
244.034
328.142
260.965
207.237
242.121
305.523
235.287
281.064
298.003
191.726
241.121
277.029
192.074
325.486
274.585
299.145
309.821
206.483
295.807
232.335
351.937
291.413
486.376
306.651
362.168
373.95
275.694
296.431
274.863
220.897
344.676
267.035
208.232
298.305
314.371
368.752
245.027
299.736
255.852
246.28
409.26
338.767
457.493
347.665
318.808
289.183
314.929
252.049
236.226
264.684
295.247
302.995
252.018
278.846
213.573
423.474
298.615
388.965
309.089
470.506
283.717
259.755
289.197
446.754
382.328
425.046
316.213
362.395
298.637
297.907
307.516
228.836
224.74
288.998
470.49
231.572
529.721
288.933
392.383
307.119
498.962
247.487
333.919
286.706
253.357
294.264
253.047
334.411
291.897
427.203
229.76
220.859
268.178
208.367
260.537
383.766
330.205
253.098
284.299
386.345
279.819
197.297
203.552
442.928
410.48
329.768
341.994
302.368
286.911
338.81
230.968
280.178
380.898
240.96
203.572
250.079
254.702
404.466
241.78
280.749
290.754
303.785
290.156
391.943
385.261
323.827
356.037
355.106
214.639
343.722
321.829
317.243
397.284
234.232
306.094
279.396
307.901
324.532
326.363
452.093
324.883
226
407.743
245.323
242.67
338.029
300.323
258.316
270.277
329.96
271.328
213.284
218.829
274.621
230.462
277.957
426.148
312.874
349.599
508.465
218.259
273.742
245.024
243.396
272.172
260.688
353.888
227.829
196.344
418.083
329.11
267.948
330.893
262.861
267.437
351.585
263.331
296.08
305.825
276.245
287.543
299.036
272.468
388.157
299.44
466.238
345.606
463.33
272.295
345.244
318.308
458.615
334.298
273.494
300.801
281.499
291.475
287.481
311.395
400.414
295.678
328.591
269.585
486.016
280.325
294.37
308.968
200.276
206.627
347.889
259.996
224.467
217.61
289.501
235.368
348.68
320.089
310.307
349.575
304.752
298.48
262.91
271.97
425.107
315.448
247.533
303.473
286.539
323.732
278.801
247.016
353.674
307.286
335.117
351.262
307.85
290.195
319.262
412.332
288.717
281.052
374.508
448.643
219.335
216.773
321.483
430.157
239.384
250.089
214.784
306.905
309.257
228.3
281.171
314.76
349.138
295.745
349.51
246.906
307.046
458.847
375.486
310.518
356.026
263.704
308.629
232.737
259.597
275.14
310.193
306.929
342.456
305.665
250.346
219.067
301.046
371.465
246.418
243.534
350.452
243.709
252.247
242.844
249.446
296.097
358.874
330.732
265.806
265.078
309.498
294.737
334.786
208.599
277.732
285.761
172.662
333.163
272.355
256.542
392.491
315.575
304.815
274.395
342.851
268.807
310.722
434.679
334.665
273.996
225.141
265.504
299.473
396.774
416.643
419.595
354.394
223.236
316.012
332.446
207.415
415.588
259.828
219.971
288.508
193.668
320.904
303.137
288.532
268.81
237.52
301.362
224.497
305.731
313.119
322.761
265.995
241.302
289.325
325.697
193.651
308.76
166.264
149.35
193.809
281.111
325.933
320.907
294.028
245.167
325.014
299.61
317.406
346.114
347.626
390.38
416.697
180.453
387.604
332.68
364.336
331.021
309.973
253.58
392.147
335.721
313.491
185.752
233.223
209.604
247.093
284.712
172.174
379.549
247.998
198.486
209.281
291.721
300.35
295.937
318.919
274.177
253.229
256.01
261.159
327.296
321.69
330.612
256.332
217.524
372.514
228.866
272.037
225.854
226.432
305.058
308.735
291.106
333.236
339.662
244.24
348.176
303.934
340.775
226.963
255.224
258.032
302.827
200.209
221.014
189.095
346.662
334.35
443.564
247.715
253.783
277.998
339.528
267.588
352.063
238.843
251.769
186.606
290.365
255.384
387.295
322.853
329.233
360.189
318.774
285.466
259.187
235.129
364.626
252.205
335.993
327.255
370.667
248.249
267.294
345.888
336.757
324.979
351.288
335.569
264.228
335.059
292.15
354.73
355.165
307.691
353.884
384.214
311.028
273.342
393.419
295.644
230.596
307.671
250.238
332.111
259.086
172.669
273.805
533.287
296.717
332.968
345.533
243.581
196.131
262.984
251.887
407.952
341.528
236.265
396.437
158.767
293.645
255.906
300.244
272.951
256.12
262.234
364.123
315.795
319.561
355.487
374.198
287.964
329.106
273.022
288.716
274.111
263.315
331
329.45
332.515
295.223
462.898
231.533
265.867
262.83
402.702
280.842
288.584
261.309
257.969
268.055
267.805
430.077
330.946
334.444
328.165
203.688
172.789
205.615
305.01
320.758
332.861
246.3
351.779
369.661
222.452
298.57
329.345
339.21
290.664
269.88
230.716
293.947
257.881
225.907
262.438
237.227
359.891
234.471
299.336
358.563
303.188
256.922
220.425
236.882
297.997
424.141
324.869
299.121
336.925
222.293
445.434
370.559
239.551
280.168
236.45
247.302
417.186
317.365
330.433
259.006
263.054
250.315
310.516
350.436
253.202
319.947
301.1
322.335
201.443
323.298
365.516
394.093
260.011
248.622
300.587
360.746
217.791
290.021
228.906
366.035
333.382
301.254
274.043
207.311
259.526
512.308
262.727
353.244
285.053
226.819
221.771
381.349
281.125
284.334
200.999
393.027
216.398
303.19
345.734
291.855
226.921
199.901
338.528
324.182
269.733
288.142
263.604
257.927
232.113
374.196
356.405
302.216
247.113
197.146
301.244
223.067
221.189
291.891
242.983
265.142
261.401
245.947
293.958
285.768
300.892
284.408
324.841
260.04
301.266
313.15
389.153
298.958
294.006
237.933
317.027
254.553
303.858
330.985
257.708
178.28
305.232
433.792
253.983
199.53
347.667
185.207
353.509
234.639
245.487
320.595
298.617
270.002
397.748
238.976
289.183
329.805
764.318
275.271
314.092
329.388
346.124
243.986
178.25
396.123
278.221
282.788
250.787
323.855
223.754
304.739
334.121
294.147
302.263
269.699
325.559
446.013
295.779
197.241
338.211
336.892
436.084
237.811
233.035
354.718
263.244
330.366
296.297
272.597
282.629
290.819
234.31
435.865
329.45
241.68
321.322
430.721
292.587
293.188
392.143
320.935
324.893
247.989
357.218
252.981
390.265
244.937
312.861
293.442
284.748
330.28
304.281
296.958
199.784
315.558
234.269
335.077
273.175
303.902
362.477
346.931
230.185
246.672
346.97
394.277
284.835
284.683
241.198
272.518
321.785
274.929
417.327
418.86
335.251
336.164
289.767
305.739
269.099
403.256
188.383
296.66
429.686
253.19
347.124
460.93
325.526
214.081
181.081
237.223
322.229
316.075
258.26
362.382
240.627
295.363
218.648
265.56
365.077
288.99
297.804
299.093
347.839
394.98
241.342
283.547
314.817
336.139
251.197
251.277
205.34
400.04
328.909
339.034
246.54
271.286
378.812
337.946
327.677
309.928
395.04
284.828
354.062
242.248
271.428
309.349
352.078
248.821
286.67
396.853
287.519
234.814
231.385
343.068
303.008
239.707
406.838
321.753
313.67
315.171
266.895
326.616
253.575
415.875
227.432
356.755
287.977
339.671
307.818
338.802
251.809
262.435
277.876
248.459
357.885
277.21
236.74
373.669
315.629
286.895
321.357
285.141
325.052
235.574
292.697
290.137
423.971
250.422
377.127
191.005
278.932
278.105
220.178
335.412
324.324
237.062
316
253.134
436.869
214.57
434.295
346.974
420.029
345.033
278.613
311.337
244.377
332.064
197.039
297.284
251.331
244.579
314.734
284.065
324.153
334.153
260.498
249.072
261.457
266.188
380.307
186.416
311.57
388.726
247.95
250.39
371.879
355.563
396.424
234.542
320.85
239.906
318.151
300.052
347.396
308.044
302.723
325.539
278.642
238.516
207.89
280.587
287.606
257.615
297.767
295.623
279.502
385.727
380.077
377.143
190.601
265.717
365.6
330.197
280.337
350.16
284.715
490.757
257.886
202.629
245.898
331.008
234.161
285.422
205.291
263.613
228.337
306.399
237.37
145.018
258.035
255.36
239.298
436.859
286.027
237.028
366.066
331.549
293.954
317.993
277.237
286.822
308.787
327.686
237.622
261.959
259.277
327.391
257.963
321.833
440.248
358.522
302.279
331.977
282.82
345.607
227.312
344.44
248.305
281.302
234.834
406.175
317.551
240.393
319.435
281.567
331.687
367.717
314.373
292.139
272.176
282.185
325.636
187.287
391.773
248.522
342.745
321.738
281.979
274.078
294.589
283.526
237.491
315.973
286.984
306.183
222.9
345.134
385.392
239.049
293.497
295.292
306.883
227.614
385.516
250.304
257.332
288.144
273.25
272.911
333.908
257.008
217.518
247.958
240.233
175.7
351.084
349.19
338.107
182.61
272.174
359.118
213.996
286.034
333.013
147.628
257.873
371.937
326.283
285.737
331.858
203.672
346.126
346.082
328.06
214.344
344.6
205.567
230.054
341.53
289.434
300.722
192.966
373.886
446.347
280.53
187.084
244.074
417.939
249.803
400.646
260.548
354.254
331.634
227.071
235.203
211.764
346.025
177.561
264.051
347.144
253.629
279.549
270.029
301.259
347.355
348.079
320.236
407.691
233.915
299.927
244.516
353.351
340.033
225.448
382.671
316.049
247.456
287.723
252.131
252.569
254.184
321.544
237.5
261.476
266.543
299.183
222.388
221.64
263.654
291.762
351.643
453.024
376.149
324.337
297.699
298.193
383.666
300.842
281.061
480.933
284.178
392.097
350.744
275.585
253.232
220.735
405.568
220.311
299.133
241.39
304.164
218.356
371.946
300.033
207.588
299.279
269.295
208.638
275.03
268.113
288.861
352.023
305.637
513.373
324.376
298.854
279.928
336.591
381.925
228.658
237.085
332.874
225.78
232.449
297.68
238.876
215.224
238.714
316.251
254.355
331.764
316.476
300.698
302.507
309.449
314.782
253.388
307.086
224.192
360.581
266.287
198.128
236.261
374.173
246.24
278.978
293.863
216.872
282.78
240.378
265.846
312.408
331.203
422.649
377.649
348.047
295.327
262.986
310.105
268.039
387.114
283.895
225.98
329.79
208.495
407.189
332.073
200.413
267.563
184.973
413.665
181.294
355.97
410.346
225.517
264.084
282.371
321.47
374.396
216.368
283.639
425.369
263.637
426.5
247.809
245.084
273.638
235.999
448.5
341.537
264.205
260.384
255.783
286.176
323.727
320.787
260.948
249.257
353.896
295.094
396.218
349.718
303.62
263.482
308.605
250.661
190.971
281.839
316.336
287.782
412.807
323.227
368.483
288.228
283.071
307.317
319.034
260.348
294.442
342.529
269.795
205.788
297.234
370.896
217.885
308.667
318.831
440.295
236.413
280.699
261.08
326.703
197.482
364.011
270.816
318.219
329.83
465.613
217.873
251.821
295.597
284.614
238.082
279.144
351.452
202.362
229.049
315.078
304.605
367.279
323.723
245.095
318.01
315.747
302.837
188.162
454.095
398.313
378.846
284.88
296.794
251.793
328.803
318.184
319.841
258.281
246.556
183.416
260.827
230.99
205.588
378.236
272.537
336.165
336.014
321.348
285.702
265.414
240.068
316.526
321.912
173.978
326.506
327.126
341.093
420.776
206.827
240.515
219.098
261.928
366.884
381.613
320.362
282.966
286.17
326.943
203.507
321.315
225.936
374.964
309.417
205.297
410.484
218.81
274.948
364.755
337.387
200.967
236.908
223.483
347.631
401.68
251.902
318.163
436.535
303.272
343.305
281.201
263.557
205.37
326.457
277.946
441.356
397.305
261.122
171.494
297.894
279.478
272.83
274.86
275.161
182.707
330.52
275.359
219.216
306.266
338.382
294.567
219.96
258.72
332.221
410.943
231.767
343.356
376.464
457.572
320.983
243.353
320.485
193.093
247.303
253.702
271.275
231.731
251.894
263.968
268.605
213.031
254.712
407.177
313.103
267.966
276.068
392.625
362.462
366.321
230.704
241.24
372.411
181.646
248.521
353.376
324.54
230.171
324.497
240.667
322.783
248.683
248.481
284.394
303.074
261.811
232.695
289.784
356.294
191.202
337.303
273.741
283.92
432.609
202.661
263.136
260.825
263.341
261.538
183.344
230.784
256.683
239.337
332.775
251.506
312.415
280.85
287.283
231.548
309.433
307.099
265.186
381.357
264.726
311.962
299.435
282.884
260.753
243.074
367.656
259.52
413.052
257.962
364.746
308.294
503.467
289.663
231.008
267.597
300.49
217.342
200.166
279.066
284.972
278.982
231.492
248.244
331.647
233.125
237.412
394.284
237.126
333.472
247.759
316.316
442.947
355.681
396.233
284.445
255.971
302.662
303.505
186.993
256.072
286.563
220.217
236.351
366.035
309.555
246.52
369.811
311.56
211.295
280.822
244.863
269.062
280.312
198.382
392.384
299.317
189.811
254.116
405.159
192.261
318.51
286.139
301.021
221.076
326.913
275.041
387.104
257.196
292.658
220.926
233.8
360.661
363.109
279.903
305.402
397.531
325.128
273.438
172.467
256.174
267.224
335.919
309.944
340.998
202.282
291.561
298.133
317.728
238.782
316.727
373.918
239.881
245.244
292.85
299.783
346.288
496.612
304.28
265.698
340.769
213.762
316.886
326.08
192.824
351.144
290.936
353.396
310.403
313.765
273.295
340.29
289.359
282.235
311.835
307.677
243.901
278.966
395.117
279.744
265.674
166.428
240.156
273.956
324.977
340.128
289.572
199.341
339.991
266.7
376.611
471.474
229.54
290.52
280.156
338.175
334.165
287.491
394.524
251.383
356.701
302.259
265.527
295.965
287.158
295.834
291.607
304.202
292.596
448.893
318.183
354.569
269.592
317.353
276.532
219.165
287.163
430.12
330.01
243.956
324.673
290.664
367.11
193.934
252.065
241.918
407.908
371.572
253.374
377.488
330.528
333.091
381.702
553.855
274.436
328.677
180.739
211.084
378.633
380.396
230.392
275.554
204.273
223.833
236.544
319.568
282.193
188.264
287.573
232.265
246.628
233.111
355.92
171.706
321.266
238.218
302.005
317.281
287.903
373.178
359.214
474.781
342.776
195.619
395.358
215.447
346.583
286.031
369.606
408.464
384.264
195.902
290.936
297.52
239.864
304.362
344.73
247.915
282.605
253.634
374.16
306.01
437.217
408.671
255.152
370.405
353.566
256.9
241.611
284.434
229.53
313.547
275.393
276.702
340.169
409.63
368.747
276.887
306.959
268.362
221.833
267.373
351.367
394.067
305.305
216.434
230.683
193.596
273.318
341.891
338.233
208.267
285.692
340.177
338.877
375.451
444.215
246.293
301.48
318.466
309.628
359.069
287.157
286.502
330.297
268.114
257.697
212.489
353.309
440.209
342.41
356.949
276.297
242.72
354.356
334.388
332.828
287.511
221.887
253.651
272.991
291.517
169.266
252.888
287.359
218.947
347.073
289.941
309.897
184.236
299.192
382.427
315.903
232.418
252.341
349.966
311.695
333.638
356.867
340.7
320.918
288.173
355.331
232.577
145.303
273.862
236.383
265.113
241.559
295.417
254.472
373.455
310.904
313.489
295.184
322.672
321.429
280.402
320.126
246.52
239.211
244.764
264.958
221.999
241.009
351.637
339.264
273.612
313.844
286.847
277.492
279.427
405.681
377.815
269.673
269.547
254.304
327.182
333.99
205.246
301.622
279.577
310.695
268.523
309.66
350.922
303.105
394.195
294.962
288.913
342.296
258.764
266.422
403.237
201.074
257.551
291.842
311.461
228.773
239.095
270.731
385.001
315.481
198.088
256.099
205.193
320.066
359.06
284.314
314.445
309.584
263.991
232.211
321.893
514.871
348.654
282.21
240.821
270.42
237.474
284.895
337.982
341.447
298.16
255.353
197.47
244.671
163.989
323.077
289.755
272.557
353.802
351.591
330.982
317.24
242.178
330.625
320.253
349.557
385.556
415.349
329.711
249.895
280.431
327.999
385.991
268.528
308.085
301.708
335.275
195.074
323.691
285.924
219.809
208.161
258.389
295.862
277.173
360.323
317.832
255.897
263.886
307.337
369.614
284.47
459.975
315.175
286.027
313.788
328.117
313.695
344.406
208.819
394.049
263.402
336.754
272.006
315.416
291.759
242.534
296.651
230.478
296.528
275.588
357.159
375.698
244.92
282.75
314.007
303.885
158.645
368.38
267.556
309.659
181.586
271.512
336.628
289.549
269.17
354.75
217.375
240.524
317.405
241.685
365.413
304.957
226.323
285.976
250.462
313.61
364.498
294.046
301.364
247.974
450.466
256.328
340.479
246.38
297.557
237.007
378.218
324.865
246.554
290.748
372.175
333.846
285.375
350.126
445.086
306.732
416.595
285.621
293.943
231.02
247.271
249.363
279.632
361.208
304.106
294.638
356.654
438.035
283.822
191.321
191.307
327.181
355.398
259.377
285.271
254.845
332.975
287.727
209.595
239.687
366.662
285.927
495.281
278.722
215.374
263.176
434.146
291.8
370.829
403.215
282.137
263.845
196.315
330.935
259.146
201.858
246.147
274.256
194.767
284.599
230.73
346.027
219.678
266.07
240.022
365.723
240.291
300.907
332.935
300.289
391.633
225.966
202.714
285.517
246.749
294.057
373.083
307.287
248.139
264.477
214.886
236.112
255.69
241.82
294.435
248.999
257.825
213.847
326.159
288.829
358.556
268.972
292.283
312.657
308.016
300.204
454.77
382.574
243.124
325.347
276.393
234.336
196.077
442.932
371.504
313.183
244.878
522.56
267.248
286.148
266.118
330.218
241.588
370.314
224.138
235.197
307.569
249.138
382.798
330.485
406.114
320.457
248.913
383.132
361.723
295.166
384.584
387.28
202.674
373.771
284.717
224.018
330.716
283.891
271.893
369.573
287.073
453.956
297.592
317.537
447.366
297.486
332.791
361.821
322.259
286.642
395.803
359.498
283.959
273.279
215.179
248.037
315.385
304.408
270.417
356.461
366.828
222.724
315.51
280.227
275.798
208.914
204.375
229.298
277.151
220.048
189.257
257.385
350.226
276.135
379.824
202.458
282.244
282.939
371.216
251.398
346.857
346.991
336.414
301.541
333.233
351.071
395.791
323.037
339.742
297.362
336.258
254.579
311.632
239.994
234.551
354.645
344.145
232.208
315.094
344.092
231.532
308.684
209.262
252.113
381.675
283.02
327.656
256.877
290.022
301.007
292.558
237.344
377.123
243.173
271.08
456.779
434.773
292.729
339.982
440.108
421.222
471.741
291.911
287.458
280.299
190.316
342.91
278.538
296.278
223.977
252.7
294.297
334.768
476.409
188.77
305.328
387.383
249.393
318.334
196.794
293.77
438.087
257.565
254.557
330.356
353.19
399.773
273.484
291.716
344.329
281.119
262.476
271.333
219.448
311.68
275.128
195.921
350.803
360.245
259.24
322.338
251.631
368.04
393.431
469.846
165.545
166.661
316.33
223.857
297.746
400.834
333.178
320.248
468.548
280.57
252.948
314.741
356.033
194.629
298.057
273.579
279.522
312.113
222.214
264.002
292.649
250.376
347.058
224.814
447.129
325.939
227.879
239
209.796
296.715
366.94
365.565
226.757
403.866
207.206
311.502
450.596
312.155
288.166
199.019
320.397
299.648
231.734
375.589
368.687
380.042
355.11
255.683
240.35
285.382
253.296
333.935
251.159
397.975
402.841
306.232
325.826
384.285
310.305
218.336
398.653
256.495
305.066
334.609
316.227
331.629
414.612
214.33
377
279.858
380.365
297.967
320.442
340.232
318.804
329.392
311.276
310.883
332.122
237.568
277.06
526.687
385.277
311.3
402.628
318.314
420.665
440.239
274.842
228.796
345.142
312.043
315.575
290.329
306.758
318.781
276.855
311.165
448.454
279.331
256.845
419.187
437.494
295.485
457.418
354.79
395.021
359.322
324.474
327.904
238.723
263.62
359.642
295.005
417.012
355.971
345.149
277.738
237.241
374.53
309.378
290.288
259.334
312.235
217.797
322.328
288.8
274.043
295.498
396.494
273.985
275.23
231.362
302.089
296.208
354.517
276.29
332.708
349.097
215.218
310.561
365.313
273.215
253.443
318.928
312.164
323.251
317.785
253.675
319.957
268.405
211.009
408.901
351.328
521.935
303.34
208.888
247.147
315.665
262.375
423.724
357.681
357.277
267.931
267.231
388.694
223.881
283.333
244.969
253.131
225.651
238.701
225.965
227.816
309.984
236.786
263.019
323.16
348.295
326.889
251.801
283.655
267.546
221.15
431.588
208.187
318.77
244.635
258.987
246.734
381.837
351.788
294.99
253.255
321.968
268.832
227.548
301.43
191.484
231.19
156.973
204.111
287.536
278.438
356.831
390.009
313.869
215.422
260.26
277.526
296.84
301.643
240.591
233.231
259.23
297.142
279.11
267.246
309.4
310.541
352.896
246.796
344.147
357.555
393.71
302.689
316.892
352.638
257.155
297.304
279.349
433.019
390.735
329.094
218.639
253.505
225.559
226.42
273.873
301.938
258.169
217.271
284.477
314.475
305.322
419.399
233.455
265.385
311.657
354.836
258.519
316.353
285.925
359.808
258.013
286.837
307.756
268.547
313.595
295.416
309.219
327.367
239.01
397.873
248.693
332.154
342.524
295.65
285.078
255.991
264.815
333.095
261.228
337.845
406.025
310.052
428.786
227.065
323.648
238.405
184.16
226.943
325.858
209.106
335.63
166.396
330.445
340.593
358.057
350.617
267.202
308.918
213.014
242.796
240.898
448.909
258.398
242.608
247.939
290.649
269.426
252.282
324.045
228.568
362.977
309.594
250.36
406.898
282.612
310.38
256.481
348.985
337.657
401.34
328.616
259.939
286.639
298.515
311.777
341.142
431.439
299.289
268.827
368.042
237.764
210.108
282.018
275.52
377.261
234.218
253.692
376.827
199.421
226.296
361.796
282.839
248.318
263.688
413.612
258.922
377.999
281.185
384.492
426.551
230.174
263.622
278.215
205.232
265.327
248.378
269.355
386.233
224.418
264.807
303.098
214.63
375.755
245.202
290.834
291.192
370.949
232.673
238.19
356.925
279.187
358.179
274.651
392.621
205.507
265.927
319.023
319.197
311.95
297.903
330.062
280.178
333.353
312.477
252.473
443.612
285.714
336.462
306.426
292.699
223.732
315.23
283.109
229.774
270.206
280.473
268.105
292.516
183.358
180.257
302.407
354.145
327.638
416.167
350.569
259.692
272.656
301.481
288.432
316.297
292.369
314.227
188.541
321.474
265.708
267.858
242.801
302.585
281.2
286.517
262.717
291.307
323.303
372.933
329.443
404.939
255.714
209.419
256.979
265.571
275.105
380.654
394.169
338.159
306.261
265.615
233.278
374.186
268.481
182.793
228.584
286.139
289.825
235.748
269.481
273.111
507.392
256.402
250.085
326.025
340.608
237.382
216.072
332.191
332.988
242.03
339.142
399.336
267.798
331.523
326.206
221.704
254.505
278.177
358.557
299.082
243.909
263.481
338.254
289.392
220.84
210.647
291.992
239.737
359.82
312.682
290.361
333.602
262.891
346.278
375.058
374.627
309.492
218.875
246.042
254.948
271.362
356.849
292.691
627.957
350.257
241.909
357.837
234.168
234.855
384.512
254.761
282.681
311.695
273.208
357.722
249.055
280.358
475.29
201.861
315.102
287.847
375.034
254.208
309.478
342.553
301.706
249.627
278.368
273.131
335.138
186.052
303.368
214.868
334.845
390.337
406.161
300.748
335.984
282.86
343.509
256.339
374.872
264.781
304.18
395.445
284.708
189.176
276.924
253.193
311.737
178.293
296.389
293.01
256.028
261.9
480.863
334.834
270.284
294.006
458.556
338.185
257.852
394.973
379.481
250.207
302.266
227.824
364.522
188.768
313.607
271.3
282.273
298.323
426.521
241.916
381.489
296.035
384.773
255.926
186.543
244.508
425.802
270.357
255.605
236.581
282.923
310.518
296.7
370.559
332.268
347.648
331.296
337.822
318.189
324.207
361.394
273.036
544.825
323.059
357.639
377.255
272.925
233.313
254.14
189.476
255.739
340.11
223.229
475.047
290.71
370.099
347.491
369.581
320.836
245.293
297.898
321.139
276.272
234.396
389.618
349.597
274.626
219.326
311.138
340.101
271.009
326.251
239.581
261.461
372.003
234.209
219.578
352.346
354.737
339.59
249.945
236.821
381.282
376.998
292.473
308.284
347.353
334.699
218.491
278.206
203.153
308.666
333.504
310.564
336.706
311.067
321.631
361.899
230.604
390.682
337.062
252.844
305.401
451.328
275.817
365.65
223.893
285.276
340.114
233.652
297.594
258.938
306.486
227.486
238.857
224.275
304.626
312.342
356.588
317.295
282.318
351.426
369.281
316.945
455.569
272.086
202.102
420.264
257.971
264.532
221.854
425.302
231.684
367.578
316.46
306.614
266.663
375.515
276.126
306.932
317.864
275.282
206.513
473.189
270.056
300.157
327.428
280.803
330.165
233.8
289.654
258.089
309.387
303.486
318.943
247.995
312.06
349.167
379.508
332.059
250.013
167.408
275.293
313.794
356.402
514.038
292.087
348.207
287.3
306.567
291.878
294.725
247.371
328.996
231.052
187.002
251.807
278.206
317.772
214.546
369.892
258.174
251.18
250.765
212.195
211.056
264.287
312.913
395.418
301.776
436.391
294.198
209.702
248.674
261.034
251.833
254.851
334.422
318.683
301.807
269.528
350.15
305.961
370.496
181.91
271.211
279.718
208.15
246.161
371.9
241.771
273.37
245.254
279.399
363.851
331.873
360.095
219.474
233.662
219.529
309.89
202.603
234.004
317.359
411.22
383.148
307.175
485.491
317.848
231.919
219.22
298.477
230.351
268.93
177.297
315.655
164.453
378.156
257.668
212.44
371.956
271.757
195.717
308.587
310.216
283.791
246.499
221.865
282.658
277.482
324.743
326.068
378.182
224.928
379.942
318.134
222.938
265.591
323.314
315.901
162.898
444.86
242.699
246.856
294.15
272.884
232.977
188.864
271.339
355.124
280.546
342.294
366.41
261.338
327.567
210.001
353.269
338.96
347.664
314.947
296.629
344.817
326.873
243.38
246.521
261.036
269.938
297.919
286.688
286.052
301.54
234.892
348.866
406.147
299.048
290.9
303.111
176.714
329.413
206.875
269.769
261.259
274.218
310.011
318.341
315.872
273.659
194.255
331.702
228.643
317.638
438.997
254.831
195.009
307.116
316.711
410.998
281.137
312.537
319.625
263.062
233.481
251.765
234.769
338.763
276.783
301.514
394.26
183.34
205.382
267.491
254.432
250.888
208.226
212.678
184.884
299.041
244.531
255.013
267.47
205.635
247.302
404.495
267.077
281.157
318.836
445.479
311.839
214.193
249.832
235.789
310.158
298.22
231.738
321.631
307.646
267.576
255.194
209.719
244.981
285.37
192.208
331.263
370.761
219.794
302.472
262.412
308.827
280.845
359.383
279.326
297.863
210.607
304.2
235.425
215.156
382.314
322.908
375.856
323.526
301.058
360.992
245.599
256.433
373.965
270.494
296.93
249.493
232.16
364.976
314.621
273.379
410.459
391.866
301.146
320.421
345.043
211.775
215.777
209.891
329.124
290.639
453.749
337.054
258.379
232.15
241.997
187.07
232.592
363.046
212.11
288.634
215.398
372.502
361.475
352.781
367.36
306.743
240.617
360.803
267.229
305.572
345.29
293.32
410.625
267.477
240.357
262.115
299.005
425.381
398.032
288.417
316.396
252.452
300.711
278.608
394.834
212.805
346.1
316.977
235.579
258.312
307.956
194.162
291.786
371.573
266.087
294.697
312.698
242.438
418.316
298.239
209.1
371.722
240.977
326.84
194.157
296.968
288.511
281.677
229.749
267.086
251.376
355.219
258.567
223.726
294.561
233.38
348.708
235.157
373.373
279.297
288.711
296.575
205.507
245.03
255.247
208.471
307.39
320.957
307.767
236.347
258.579
320.592
367.412
361.168
227.207
314.366
304.718
352.819
273.274
359.627
237.869
309.535
252.616
310.22
348.208
263.355
233.947
318.753
274.181
328.982
407.225
305.254
408.216
231.997
287.937
291.679
433.213
238.905
451.854
185.267
275.995
207.965
309.679
396.893
365.482
204.138
307.973
276.037
235.725
378.051
233.798
249.557
234.859
287.376
253.657
332.947
378.283
317.016
246.708
332.119
238.146
314.766
248.731
278.927
374.849
311.579
299.223
217.181
284.397
348.949
267.988
263.99
319.731
258.717
237.217
326.149
459.61
324.603
231.874
277.05
206.131
246.466
280.245
316.684
266.891
361.74
245.375
279.008
359.455
313.682
401.733
296.764
318.424
275.782
384.232
216.533
228.972
303.91
326.672
197.849
348.691
310.791
323.073
351.154
251.283
216.584
247.706
265.124
297.486
352.318
253.236
252.671
224.11
193.681
383.882
241.417
451.452
366.183
328.962
282.784
380.631
236.627
201.443
355.664
286.35
258.654
208.36
328.968
262.795
337.509
272.997
256.694
438.688
314.907
287.713
377.074
372.467
451.889
272.53
248.23
311.477
300.135
312.364
319.328
280.385
225.119
256.437
256.505
211.949
347.416
280.483
295.36
343.524
397.738
293.264
395.584
334.013
315.728
213.768
217.273
282.214
350.037
207.234
409.845
240.153
255.592
249.684
221.209
267.66
273.836
346.16
430.679
423.439
307.8
293.664
173.041
272.041
267.199
269.031
259.809
266.46
316.005
245.347
284.118
357.924
292.956
184.44
326.786
304.648
253.681
197.084
360.732
326.651
244.898
310.361
292.539
324.678
249.085
364.157
305.052
349.941
333.477
231.922
232.749
334.278
245.575
381.961
489.434
300.308
280.923
295.137
252.374
261.832
583.914
321.463
268.632
249.468
273.05
317.935
434.43
359.074
408.328
331.157
351.493
198.415
330.175
330.356
384.337
219.047
391.476
214.834
258.55
263.918
196.238
266.363
281.055
361.897
298.733
318.414
403.474
366.51
246.784
242.407
288.241
275.121
354.5
202.914
320.163
363.773
208.652
260.614
268.833
308.051
320.692
362.167
342.169
216.901
269.945
356.717
279.393
282.704
311.315
413.772
352.942
256.327
259.628
384.183
279.29
206.289
337.045
269.562
244.845
230.765
282.853
265.11
252.733
215.531
225.171
308.549
239.201
312.213
310.04
404.419
247.155
233.345
278.912
215.515
376.91
365.388
325.699
257.876
313.517
336.5
251.452
229.425
340.773
229.883
215.719
226.912
298.764
235.123
244.134
331.734
249.601
299.178
218.567
233.065
275.669
246.181
318.297
275.101
424.508
268.538
260.14
302.817
360.934
411.201
338.061
390.261
389.423
302.119
251.568
306.904
280.208
297.022
337.556
312.898
229.634
292.105
299.13
209.85
295.002
332.843
305.483
312.433
318.334
254.63
317.845
277.791
269.85
295.678
303.537
299.091
192.779
328.458
369.206
178.327
285.936
328.453
272.214
370.373
256.554
323.808
444.327
226.564
328.525
363.633
365.173
191.547
312.491
390.454
316.077
323.974
337.962
294.854
354.818
400.135
426.343
223.584
233.639
265.093
396.393
292.846
218.284
297.734
190.124
262.487
270.201
245.865
229.782
304.04
344.462
208.044
374.751
341.907
263.457
293.326
283.271
318.598
283.793
309.916
453.095
336.338
264.824
258.755
214.39
279.151
222.707
168.042
321.892
263.703
257.056
200.554
455.526
364.056
311.912
302.473
298.997
351.179
246.841
229.022
378.023
294.865
292.879
292.596
274.166
399.45
245.334
361.521
329.419
338.61
309.277
357.086
265.282
310.071
254.826
266.375
320.732
216.291
329.635
379.227
298.469
241.802
374.579
191.236
214.819
346.396
307.907
219.132
316.001
230.161
258.236
208.641
253.957
193.905
241.308
286.28
472.853
409.867
268.631
175.469
374.172
329.935
166.978
336.802
269.999
369.824
256.819
235.841
303.092
371.298
375.444
231.295
265.016
255.482
317.365
238.781
400.585
255.342
216.777
219.586
239.911
231.828
367.085
291.392
286.965
383.597
320.926
299.755
183.492
243.864
187.985
331.479
363.141
252.348
328.666
304.291
295.292
281.347
342.97
367.849
345.319
505.86
271.607
314.506
301.34
252.948
307.406
322.487
262.289
208.695
222.815
515.509
270.571
324.055
292.598
214.082
279.325
237.771
296.642
356.577
260.252
285.024
207.683
289.931
278.008
231.733
242.263
289.989
191.643
273.797
265.393
323.038
260.452
221.604
197.427
342.772
289.67
296.006
308.39
304.663
168.777
379.924
423.303
274.592
334.043
197.941
265.472
274.875
269.309
273.126
362.736
277.61
363.059
297.624
340.822
339.94
196.935
326.721
357.57
435.098
282.235
265.225
273.802
191.433
240.9
283.322
289.916
361.385
187.894
341.667
308.082
252.919
256.56
358.269
260.697
324.489
246.005
495.626
264.121
258.773
308.056
212.462
256.34
285.284
387.488
283.814
284.424
309.337
320.901
204.612
408.263
356.246
369.623
266.454
240.82
265.507
321.601
294.945
343.452
357.589
295.254
330.792
289.382
244.015
224.961
339.238
313.058
238.543
257.906
317.34
243.878
373.365
218.938
417.023
301.4
279.742
377.669
342.296
250.133
295.76
315.333
259.686
312.988
218.232
305.215
318.664
320.082
311.453
265.283
166.63
443.891
299.299
324.747
292.257
279.812
285.826
238.996
272.56
261.608
216.509
235.841
257.404
323.387
207.516
257.679
319.123
359.125
259.802
194.659
325.788
404.141
374.96
297.819
260.751
364.232
221.882
273.727
237.329
220.087
287.984
274.62
210.437
313.423
240.251
262.655
421.084
325.039
246.488
279.912
240.723
225.075
241.486
308.046
202.997
329.236
157.795
183.185
374.258
309.335
358.963
286.906
260.198
244.108
266.566
251.763
267.791
379.437
326.24
287.064
332.54
188.816
256.434
344.646
341.692
325.67
218.111
261.354
361.713
294.396
306.055
286.056
259.309
258.64
376.11
274.928
244.01
253.708
257.499
309.822
166.96
293.829
275.646
362.314
334.837
195.158
396
303.331
324.309
260.109
412.787
340.319
293.915
242.941
346.966
417.649
288.366
289.674
260.981
285.622
284.275
246.879
289.261
270.818
517.634
319.375
294.507
252.731
225.172
252.282
304.072
335.703
395.964
282.672
327.143
273.423
194.672
253.99
305.594
266.766
349.536
238.419
365.666
278.652
406.456
271.436
323.091
231.535
417.942
299.318
230.86
233.484
481.635
244.143
374.584
441.142
518.207
286.414
280.471
302.933
286.665
338.695
337.579
331.138
320.105
250.763
261.67
325.308
289.054
268.2
324.599
287.904
297.547
296.262
234.868
282.701
241.794
280.688
268.681
210.298
288.936
250.925
345.146
415.905
237.854
257.051
251.668
309.754
302.499
387.313
323.869
241.689
264.991
294.335
313.751
316.139
294.177
327.82
268.055
326.635
220.511
447.033
376.95
296.807
294.243
270.18
359.342
496.071
249.163
291.269
352.078
330.624
227.768
265.311
255.601
342.437
232.032
310.811
372.085
371.31
385.642
230.311
216.779
345.186
168.403
301.846
255.364
364.748
289.304
383.591
259.126
310.571
366.652
209.161
307.605
340.759
367.884
329.562
288.201
238.918
276.49
247.042
205.928
424.673
180.163
341.384
289.093
383.734
328.225
290.011
219.591
244.509
263.17
340.938
366.551
233.88
324.631
287.303
382.744
279.979
258.967
468.253
285.628
389.385
504.049
290.925
273.977
206.205
286.694
245.824
319.391
182.597
280.095
351.245
312.192
426.395
275.699
317.3
311.629
239.596
351.301
276.784
242.525
250.026
308.811
205.625
251.896
216.399
287.131
288.85
342.555
193.918
226.89
274.221
256.327
194.572
282.398
205.302
285.247
276.612
249.473
247.99
273.101
357.611
264.085
289.806
316.307
279.934
265.961
334.763
476.937
311.099
275.817
263.349
231.894
222.688
312.335
386.034
244.262
231.42
236.086
362.495
230.189
244.485
325.76
388.474
283.456
338.281
285.273
424.48
257.719
299.643
252.287
209.362
342.136
306.883
394.992
245.741
213.115
200.747
203.914
376.55
252.683
261.775
270.046
350.149
281.313
253.255
251.859
370.144
294.492
280.18
340.27
278.656
347.775
370.66
312.083
343.507
302.321
367.256
374.099
286.967
264.486
317.083
254.3
256.797
219.602
191.891
341.571
296.673
258.283
387.536
322.423
248.695
263.074
257.522
220.536
352.49
240.941
195.338
332.342
189.903
328.816
329.326
206.223
294.958
273.429
247.107
328.032
311.722
292.566
267.538
365.343
259.591
270.122
312.593
275.731
357.719
330.044
351.4
290.074
276.476
308.367
201.801
269.186
242.635
230.114
314.433
333.722
456.908
364.36
324.266
255.06
220.888
419.148
397.738
321.596
251.771
290.7
243.673
234.233
317.907
389.958
332.553
290.126
321.414
399.789
306.02
261.064
287.191
322.474
176.461
307.656
292.451
300.752
329.507
370.977
333.38
262.46
314.66
436.42
296.311
331.457
305.006
379.129
348.366
241.267
273.418
428.22
194.763
232.517
245.789
287.577
300.192
245.271
315.391
354.445
185.55
308.563
265.22
307.462
279.977
446.196
314.04
308.266
289.997
308.129
241.677
250.664
283.583
255.426
244.755
285.706
250.574
310.635
316.361
400.477
490.704
261.761
308.612
342.729
256.441
304.41
293.937
353.665
305.137
262.54
343.637
279.172
385.11
323.098
311.072
340.027
317.273
243.203
313.988
249.667
293.416
239.113
219.25
334.392
241.786
280.621
279.519
224.211
283.25
241.845
275.154
226.068
258.459
326.813
278.91
269.423
296.919
341.933
227.453
366.346
239.72
199.144
249.052
301.386
198.243
344.23
368.733
364.503
288.911
282.93
361.087
302.389
282.433
368.293
363.081
327.252
350.459
277.116
247.344
240.281
316.238
357.138
367.766
353.214
227.778
247.732
189.871
263.805
307.4
257.35
310.031
357.326
273.214
271.03
290.199
368.251
336.082
189.564
280.56
256.485
290.332
299.523
238.579
277.06
222.566
290.723
382.216
306.15
418.172
204.133
257.188
240.174
255.553
340.694
256.083
267.456
220.306
253.339
304.707
244.386
388.992
229.198
347.876
252.965
362.323
277.833
359.619
301.646
273.539
284.52
272.389
232.437
250.045
218.648
243.014
239.831
280.107
232.631
403.256
344.877
301.347
370.939
305.194
249.345
306.316
240.844
235.108
317.574
358.752
253.601
456.74
284.237
324.269
248.552
225.906
226.677
278.578
240.884
319.603
281.088
223.69
362.413
415.106
280.564
224.269
271.116
322.268
278.443
285.117
316.122
434.743
389.134
228.908
316.171
289.09
276.673
321.857
341.53
339.261
360.409
369.34
357.025
352.287
222.786
271.3
319.192
262.636
267.73
487.382
370.41
365.339
413.918
245.91
278.858
413.248
338.504
349.66
249.392
246.385
374.062
357.603
544.18
326.035
359.605
218.687
245.819
388.664
221.642
344.984
370.557
309.444
327.227
202.866
259.688
258.982
358.329
320.712
249.836
316.127
315.707
247.005
290.213
294.258
204.777
340.899
226.249
217.113
217.828
210.404
283.458
227.561
286.873
295.96
306.815
355.005
292.268
327.046
225.673
262.866
236.439
359.237
228.135
250.844
236.078
276.798
295.023
246.926
252.936
274.696
242.625
280.511
272.899
320.815
340.414
372.316
314.779
250.548
240.152
343.315
261.434
337.363
257.185
236.113
349.159
495.594
235.915
304.952
194.261
325.969
311.688
343.709
304.361
407.446
243.329
318.598
491.587
372.135
209.735
274.075
258.788
293.888
403.142
297.695
175.335
417.482
300.532
216.249
288.303
297.878
297.029
310.963
219.287
241.949
414.091
290.26
268.792
287.462
225.702
450.056
227.815
320.638
284.366
361.711
348.205
232.36
368.82
378.279
323.242
245.076
363.172
245.719
378.204
226.817
345.272
324.544
196.49
312.705
346.992
163.495
255.422
379.879
259.908
359.94
260.987
470.969
339.721
254.377
207.249
303.366
409.181
229.342
354.584
384.002
185.255
315.11
327.037
272.825
247.111
295.379
292.024
195.129
311.022
313.908
304.071
324.879
247.394
297.939
213.969
173.133
283.291
320.857
228.739
182.564
301.851
273.985
214.308
291.278
248.228
251.81
573.562
280.338
275.276
295.419
345.047
273.848
277.102
388.446
331.784
365.128
188.783
276.407
282.109
303.589
364.964
258.655
176.366
312.034
314.912
318.609
224.163
238.927
291.358
221.896
201.721
437.549
273.465
278.736
313.819
339.655
248.065
258.408
241.673
375.209
180.676
318.092
200.129
372.097
298.529
361.836
278.915
436.778
383.231
213.682
329.071
231.886
259.906
389.258
270.954
342.655
301.3
252.478
316.862
397.267
350.229
225.765
238.308
227.008
256.153
253.764
212.878
393.469
262.634
281.014
316.314
293.831
291.066
263.629
338.292
261.055
240.311
365.998
229.066
266.716
249.492
191.705
407.293
271.463
253.387
235.743
263.42
250.494
263.157
238.614
332.6
223.505
242.303
325.815
303.225
350.221
323.833
226.345
257.049
373.623
341.064
283.265
298.576
206.104
348.642
248.308
277.89
255.366
278.196
494.259
357.895
299.67
311.172
224.156
249.177
233.242
281.476
351.741
303.349
271.862
237.617
284.805
295.98
194.832
418.789
321.101
237.111
370.622
336.55
229.765
277.892
213.513
320.429
224.268
255.496
338.578
213.445
231.532
275.779
350.969
267.862
203.975
239.28
286.067
329.554
167.595
467.801
294.298
196.036
310.475
253.005
221.698
303.221
224.502
245.058
345.363
393.229
237.965
274.647
286.478
241.955
344.632
192.798
336.224
214.596
287.895
326.815
340.971
252.39
224.392
337.806
317.53
210.849
260.529
219.94
376.612
247.109
331.282
310.895
497.325
259.598
284.186
395.246
317.993
205.895
255.949
315.642
403.169
305.954
290.364
334.94
385.467
438.523
315.831
264.07
280.368
284.946
375.509
333.365
242.351
282.611
228.908
319.032
305.048
375.258
301.96
279.013
258.117
377.2
165.127
420.9
262.537
250.041
249.374
252.639
354.652
310.513
289.698
182.352
324.537
281.63
400.323
406.289
241.033
352.526
288.233
251.459
277.125
269.97
213.568
342.524
211.233
234.386
373.557
215.29
303.092
229.312
262.438
292.341
264.552
385.178
345.286
368.778
270.974
218.039
335.588
264.318
229.551
324.777
284.158
244.352
320.478
317.297
303.919
273.726
243.115
291.109
200.117
227.216
336.892
190.872
239.757
397.994
341.742
411.535
306.508
327.851
295.206
261.187
304.904
266.053
363.386
306.412
232.736
451.003
443.024
206.897
254.968
358.745
374.925
284.887
329.39
234.84
199.576
345.306
236.769
311.092
208.52
178.772
250.25
338.075
311.789
342.362
280.846
294.499
187.28
312.999
323.485
220.37
252.672
256.291
294.165
315.428
293.415
307.912
289.635
191.647
312.963
360.99
326.388
261.832
312.717
273.744
311.996
338.256
295.76
326.926
266.5
302.475
305.136
210.718
282.309
237
278.232
302.628
252.464
285.442
320.836
190.15
388.845
310.386
453.164
258.26
285.133
194.354
246.067
259.989
310.058
259.872
283.183
225.869
232.376
354.945
174.724
232.381
253.729
146.399
409.332
310.764
256.42
209.08
299.746
292.938
342.983
360.559
301.536
479.469
321.695
264.154
291.624
272.866
233.82
346.783
310.778
253.337
446.351
390.597
408.375
483.748
241.053
373.587
277.168
296.153
348.795
375.028
265.045
285.357
232.788
330.764
327.826
239.767
222.738
250.195
308.111
296.05
386.17
255.008
473.256
238.467
238.456
271.89
242.757
338.096
244.132
249.701
293.208
276.087
258.23
207.059
279.95
276.143
327.015
446.635
273.144
298.082
231.69
303.409
358.223
408.032
281.16
279.614
428.537
340.634
278.184
292.812
495.393
237.646
253.326
326.952
268.189
422.701
253.555
289.358
377.422
359.31
359.076
327.568
280.816
266.85
382.167
238.567
513.969
249.539
334.27
180.42
461.589
312.092
215.781
246.853
302.107
322.541
271.912
268.488
275.514
336.561
217.206
466.542
323.42
403.077
294.392
214.628
295.937
318.622
331.872
346.164
314.511
318.436
342.453
271.465
327.895
282.307
344.943
269.58
275.296
251.455
366.354
304.281
358.473
261.854
361.727
244.011
313.285
209.346
198.298
257.471
328.105
244.468
218.293
300.929
433.817
226.807
198.667
400.257
413.372
294.096
277.168
295.894
305.599
310.181
299.312
353.679
269.811
271.01
279.254
299.542
413.018
357.153
314.581
317.625
284.575
257.617
236.555
210.144
344.291
352.548
335.357
346.942
287.38
315.247
197.249
262.925
237.045
312.929
343.751
371.566
199.843
290.519
497.737
277.04
273.907
224.649
289.082
216.677
241.69
291.333
249.158
357.475
270.908
363.116
326.223
411.991
185.086
320.635
345.129
317.764
207.062
341.937
257.687
283.3
226.307
229.935
365.758
305.759
183.356
291.684
165.697
262.329
223.483
261.371
388.581
276.355
292.508
329.619
275.967
381.708
351.548
343.806
224.875
267.93
220.3
329.783
276.163
284.997
230.979
313.773
350.835
384.457
364.599
295.145
302.966
358.385
346.607
284.321
220.68
296.506
321.67
252.283
331.908
294.626
316.99
248.821
306.994
267.188
317.287
373.012
322.899
448.376
267.901
335.787
272.544
325.208
417.402
347.869
329.17
228.972
291.534
303.842
301.877
230.327
409.341
253.919
230.461
352.364
294.668
259.943
300.372
278.272
269.422
385.252
274.466
318.781
250.244
366.61
268.745
295.529
224.654
283.571
259.344
260.394
328.57
325.832
268.965
308.845
254.673
236.533
233.595
349.044
287.101
340.176
410.892
334.007
277.357
248.927
269.52
389.976
221.464
406.384
313.885
262.204
238.266
271.68
238.469
227.187
236.276
304.772
204.632
300.409
329.096
317.091
218.552
278.92
282.694
416.578
288.968
370.789
310.722
324.628
273.632
272.98
371.451
247.059
261.468
367.288
193.292
340.175
256.696
311.894
211.693
277.218
263.256
260.02
298.859
404.951
339.298
265.401
311.855
325.673
301.997
284.053
334.884
316.911
215.311
310.122
178.23
339.346
322.376
312.675
218.542
258.214
231.705
483.499
245.646
285.105
234.594
295.991
331.676
269.058
286.838
216.656
457.411
227.106
316.862
159.627
277.945
259.281
295.81
328.639
320.958
277.729
306.066
355.128
265.89
312.731
254.224
325.204
275.914
263.073
308.769
242.392
220.722
265.664
242.638
192.119
208.408
241.314
293.994
388.229
172.671
299.311
272.616
276.05
300.83
294.118
275.193
282.249
308.025
336.971
410.44
316.535
279.813
369.906
353.909
283.288
265.89
364.999
365.61
327.359
370.874
373.793
277.198
266.039
283.212
293.236
457.696
321.87
360.457
207.204
379.506
274.338
355.883
276.911
326.798
283.259
265.731
252.907
408.483
285.027
269.005
351.243
258.913
280.398
285.088
314.144
294.449
342.387
171.712
304.085
351.167
268.902
262.265
317.5
386.244
304.777
262.056
340.024
225.865
317.364
251.585
224.585
267.946
251.809
311.911
303.095
238.209
322.13
238.185
208.087
312.419
242.823
315.136
398.009
294.282
310.365
308.855
388.787
344.459
343.955
209.01
318.62
320.578
254.829
212.861
348.144
365.116
335.621
312.007
305.495
275.9
327.707
311.202
402.588
312.522
250.223
316.393
327.672
253.384
232.326
360.446
328.845
210.41
340.631
430.611
325.246
197.692
189.556
237.99
411.247
261.903
359.581
291.167
361.34
280.727
285.029
443.83
382.328
389.465
420.096
299.484
361.319
351.99
259.952
314.607
329.349
363.758
310.603
346.558
313.665
255.777
352.336
204.03
315.307
274.825
307.663
220.513
365.026
315.934
236.803
289.761
330.299
359.91
358.999
260.849
228.776
217.783
222.205
260.442
252.156
241.681
266.498
307.169
316.966
278.086
321.499
295.063
303.063
240.701
249.029
341.393
242.542
230.822
333.841
366.114
303.365
296.762
272.506
243.675
207.557
256.543
326.977
200.164
220.392
261.207
282.824
274.646
273.706
332.289
248.069
307.958
312.399
239.159
273.154
204.542
439.535
235.254
332.086
239.817
221.278
227.22
468.022
306.91
369.637
327.769
231.338
262.12
300.6
249.122
335.022
389.224
290.378
436.675
325.706
283.373
354.761
372.735
232.578
215.809
257.987
322.696
221.854
344.22
318.38
254.368
347.275
328.381
323.596
333.264
293.807
236.588
215.861
308.315
226.408
276.832
330.976
294.173
234.275
461.458
323.99
314.649
276.375
410.915
277.824
318.321
337.193
285.395
324.485
346.701
296.781
225.686
309.744
449.29
323.866
278.749
200.43
303.046
249.984
338.581
320.816
300.814
374.712
254.163
305.855
240.338
290.216
284.566
345.826
266.194
389.175
371.759
273.17
208.493
259.283
202.938
249.905
325.015
355.351
293.836
319.627
254.257
292.107
318.005
326.302
306.518
395.134
394.433
440.667
306.736
413.893
350.207
190.212
280.741
279.091
381.095
441.718
431.529
230.41
200.718
243.153
229.153
461.847
363.783
289.689
288.711
274.644
377.286
366.441
325.232
343.279
258.795
326.931
314.058
320.354
363.861
207.277
308.653
389.922
336.256
241.853
378.923
249.871
277.091
300.956
325.359
401.887
263.64
348.199
216.572
236.059
258.277
351.203
342.571
244.195
251.45
305.43
195.525
348.643
357.853
373.551
179.219
248.231
309.35
317.916
447.214
315.861
293.436
252.247
265.536
276.899
201.652
252.281
228.608
296.883
417.338
282.365
404.544
296.403
209.889
299.286
356.612
249.919
224.983
289.849
233.54
230.669
266.123
232.033
234.014
316.624
225.949
361.216
275.19
231.764
419.257
263.478
390.039
287.695
244.655
236.07
283.59
334.485
261.412
352.012
352.992
250.673
239.719
444.693
293.171
300.29
338.974
282.01
267.612
385.287
233.288
244.237
385.997
210.116
278.938
320.341
231.14
280.831
498.781
340.584
262.99
294.018
282.483
311.35
326.298
263.694
371.776
203.564
336.999
316.578
252.559
238.156
255.315
237.942
249.981
349.639
417.706
280.317
266.071
331.084
258.048
256.128
260.482
366.662
282.639
323.251
284.499
273.174
380.487
213.63
360.94
273.74
239.959
263.953
338.884
326.479
365.528
384.441
447.809
400.522
281.389
213.052
333.63
338.097
482.75
208.489
239.859
366.674
277.382
328.306
337.727
415.723
286.633
355.213
264.384
264.024
250.539
206.957
299.135
217.767
293.414
256.383
230.512
255.508
230.504
209.093
253.158
255.597
294.642
333.381
363.954
320.251
319.816
257.12
364.31
259.98
384.642
339.384
254.461
294.239
264.205
291.84
419.692
290.361
235.504
394.406
302.968
235.56
380.588
290.645
317.498
273.301
203.463
323.689
277.201
246.29
296.707
277
333.05
300.378
241.424
261.199
274.484
274.01
255.797
309.73
323.061
208.41
288.771
371.871
242.305
248.499
342.544
212.631
385.079
299.647
423.746
343.917
381.323
239.609
341.292
249.213
256.595
279.722
274.614
271.093
373.469
305.598
251.862
296.488
237.317
195.559
239.725
306.326
214.517
210.84
272.128
164.575
230.49
317.879
355.577
538.561
205.244
275.965
256.003
395.611
289.332
425.48
316.89
279.611
306.065
263.446
256.129
367.353
283.376
337.281
284.999
284.162
274.788
231.821
289.98
441.793
349.657
263.661
320.45
265.425
541.783
210.707
249.408
349.474
303.051
416.781
202.322
380.149
310.804
283.67
289.938
290.53
262.312
251.335
246.377
268.612
266.899
236.932
277.437
219.163
232.462
353.018
236.717
270.723
267.261
366.581
294.55
354.914
316.973
266.69
419.601
464.616
267.071
317.943
318.04
201.428
