227.737
176.848
209.191
143.088
145.082
121.072
156.551
171.923
164.567
162.914
251.627
165.037
166.924
192.703
100.486
244.684
143.93
190.472
306.16
201.312
195.901
174.316
165.237
251.95
203.207
193.031
238.501
133.454
195.564
137.764
164.396
284.028
148.242
207.004
175.489
170.759
131.891
150.133
152.904
248.451
126.681
128.223
195.177
219.333
240.124
135.712
143.271
188.499
158.979
141.346
146.385
152.266
149.462
282.659
174.152
190.326
175.01
129.264
175.884
173.107
185.278
171.185
220.176
225.823
222.379
168.783
237.229
161.809
216.511
291.28
266.149
149.389
145.204
203.431
170.179
221.335
142.881
167.855
174.655
134.121
157.686
151.182
120.982
189.199
191.279
221.796
117.736
242.041
185.254
148.741
196.144
152.906
203.967
151.53
157.244
154.041
186.077
226.216
168.908
181.859
192.404
154.609
171.517
160.219
209.597
138.718
216.947
126.094
203.691
144.901
124.823
182.1
228.902
268.333
214.798
190.054
156.846
130.767
201.334
230.12
157.345
178.232
172.645
143.887
122.952
146.821
286.078
189.022
204.136
188.293
231.077
171.696
193.678
185.013
227.081
215.411
190.326
136.489
168.072
146.684
127.286
185.931
195.255
228.296
211.078
187.057
193.271
178.289
166.046
201.434
199.391
187.12
184.65
237.422
137.526
193.814
159.104
175.035
148.954
140.228
162.547
238.245
196.492
170.514
159.531
197.69
220.391
256.389
141.369
194.166
176.743
173.285
140.773
186.158
147.693
198.975
230.45
175.063
175.471
226.846
149.596
133.561
173.291
149.908
152.052
236.642
250.896
232.308
117.765
186.298
264.622
174.64
103.818
202.616
396.078
167.414
218.048
166.212
167.434
232.767
222.031
171.479
196.639
154.587
153.879
181.503
144.989
151.438
188.933
264.311
222.353
211.566
242.904
156.22
133.013
107.407
160.776
242.597
321.851
202.244
133.243
350.459
256.099
196.86
162.961
111.89
193.001
246.82
256.467
212.139
153.111
192.424
167.409
145.06
144.399
125.813
224.005
180.663
186.928
158.615
134.902
215.905
235.987
176.552
178.935
155.212
115.342
152.998
192.218
186.831
278.733
217.524
196.904
207.259
174.567
189.494
219.793
181.26
113.599
168.563
115.056
183.638
319.72
169.088
230.612
231.269
175.479
208.517
169.727
167.519
158.218
135.057
187.651
238.492
190.616
210.263
180.036
243.924
185.403
120.78
144.505
177.4
241.902
225.802
185.691
149.034
134.097
220.376
159.213
280.195
136.774
197.382
124.981
204.844
192.379
166.969
223.051
141.065
246.825
118.235
92.242
133.588
163.333
119.673
103.546
295.337
158.822
167.19
192.416
180.478
190.626
107.612
239.242
146.891
159.964
180.786
145.033
245.472
140.557
194.25
215.608
102.114
187.053
240.195
141.714
252.106
197.29
231.059
205.403
194.892
186.725
206.63
159.732
172.609
226.086
262.165
131.506
227.823
168.422
198.227
219.202
142.675
161.09
223.218
199.838
205.558
237.783
106.527
183.342
170.422
144.165
189.734
145.114
154.206
252.127
179.549
141.05
141.664
176.825
137.082
234.841
127.854
221.322
182.011
152.669
215.928
159.521
133.912
251.872
273.68
125.004
180.29
179.874
167.596
127.397
339.97
157.18
203.324
186.314
238.535
117.088
280.366
210.615
232.581
171.581
236.702
127.194
109.941
197.04
241.419
112.02
264.966
130.095
203.653
157.692
248.948
245.254
158.946
216.891
175.612
215.177
172.362
152.753
109.307
124.11
136.844
197.892
159.414
294.413
146.387
137.672
153.552
147.935
178.3
119.677
153.556
234.151
158.604
131.656
179.393
142.406
300.605
217.808
199.512
151.179
205.622
256.734
121.43
246.682
154.928
203.888
246.783
152.587
318.38
177.385
244.582
154.907
194.301
194.428
239.07
185.976
165.541
134.797
183.951
173.119
172.306
160.655
128.294
155.421
218.655
181.721
206.22
171.744
163.168
155.182
129.263
148.274
141.732
167.667
207.4
232.023
233.209
160.197
229.905
129.676
223.124
206.067
153.443
257.897
218.355
198.938
169.987
155.149
180.735
164.303
234.778
144.707
171.246
120.698
140.588
158.216
199.168
232.962
139.881
138.296
207.403
155.008
199.769
185.319
188.625
212.323
144.59
132.448
183.605
229.603
172.914
199.502
255.478
186.7
199.25
154.335
194.066
207.365
114.326
167.005
157.427
169.466
134.505
123.443
140.252
163.744
146.627
254.177
205.722
163.334
137.8
134.162
182.257
171.513
195.789
174.964
170.231
217.339
240.425
252.431
160.385
164.232
143.95
131.103
244.463
179.814
141.795
254.701
189.132
281.976
148.375
234.341
181.819
201.911
159.031
228.436
174.231
145.37
148.356
179.52
180.538
148.792
206.074
175.336
320.637
155.507
129.329
185.714
201.616
158.377
203.723
196.073
183.765
167.094
176.738
305.877
150.312
146.25
95.1901
165.07
237.483
222.131
237.59
149.392
225.137
253.05
105.363
191.694
107.082
182.081
195.988
278.577
221.517
242.668
239.173
148.17
159.671
165.081
119.856
152.495
165.186
166.068
145.521
221.357
168.855
225.703
219.904
216.915
197.446
138.869
185.588
230.521
151.271
168.717
121.131
185.24
138.915
190.777
190.493
231.437
170.731
185.184
168.109
94.2603
248.596
114.435
239.284
155.314
207.098
145.197
189.482
165.509
171.325
157.186
169.176
225.269
306.081
158.407
221.877
153.859
195.123
212.655
148.488
181.942
196.582
227.024
217.423
141.234
241.904
139.008
208.385
138.271
226.203
169.343
148.286
140.392
206.965
221.48
127.825
166.717
205.418
154.591
206.595
192.283
150.003
177.708
191.756
214.642
279.84
239.602
159.574
171.174
109.576
161.243
151.539
123.492
192.249
227.15
166.405
182.716
195.814
168.708
199.132
145.154
140.89
165.825
156.717
165.441
158.376
158.474
214.219
156.505
158.318
202.446
169.092
136.895
161.01
160.873
262.424
182.726
161.58
178.591
173.093
158.247
116.837
229.135
211.59
255.174
146.942
191.278
159.567
203.629
282.325
234.212
220.386
345.337
237.908
234.507
136.244
147.264
157.169
148.405
199.278
222.446
157.488
217.707
130.845
175.669
232.872
146.31
262.177
193.725
239.59
201.995
198.974
169.245
152.097
197.564
187.839
159.429
190.338
168.233
178.321
183.45
272.381
209.731
279.163
139.747
187.959
171.458
155.253
215.217
248.297
313.537
140.109
268.302
275.494
178.253
203.161
127.712
162.79
195.151
140.582
151.079
134.205
176.842
266.232
242.581
199.885
142.644
158.834
151.911
223.435
185.039
212.466
179.681
277.908
157.975
185.415
195.846
238.86
162.898
158.949
144.765
189.156
135.979
181.788
144.472
150.971
181.334
165.599
171.982
222.903
216.054
179.581
166.503
128.786
97.5793
213.718
169.409
141.447
153.913
240.756
228.544
135.792
130.285
256.888
194.351
107.345
172.325
184.979
202.904
303.014
145.515
194.509
116.692
182.572
268.526
251.979
153.691
228.389
185.722
215.343
150.294
124.578
272.39
162.135
164.159
194.122
272.388
122.397
233.79
213.532
227.314
157.912
233.498
168.849
187.827
190.793
255.279
182.454
233.57
182.139
247.793
196.936
178.051
211.5
159.118
163.426
195.719
146.323
163.41
239.509
216.373
150.041
127.157
212.299
183.561
160.381
160.497
239.286
201.751
146.563
142.985
194.485
177.457
134.911
213.036
182.464
137.448
107.694
151.732
239.964
164.056
165.897
253.459
186.838
256.393
191.307
177.98
180.87
151.802
172.207
127.905
176.936
142.779
119.584
173.585
142.934
271.883
139.936
165.871
151.079
153.076
148.259
189.68
223.978
273.609
245.02
211.024
119.481
215.479
296.653
192.477
161.266
165.026
190.468
193.542
223.265
208.41
243.173
188.238
165.679
222.126
189.59
188.169
144.916
193.099
255.24
179.511
177.508
207.026
153.408
250.518
132.25
132.589
118.605
206.302
161.674
120.405
156.149
189.251
166.998
206.46
253.451
230.353
219.649
200.161
252.875
187.109
202.985
121.872
156.982
161.293
146.598
184.672
137.085
281.421
229.836
202.643
147.533
139.267
135.04
179.988
181.909
214.775
242.475
152.23
199.406
189.019
260.707
141.5
197.177
313.92
178.619
242.706
215.676
171.629
193.986
187.49
173.083
177.929
210.491
172.842
147.954
233.579
264.678
173.032
154.74
156.33
149.302
129.249
262.175
212.638
161.942
165.604
216.198
200.358
249.885
268.802
145.045
167.528
149.356
170.729
168.843
230.872
273.588
228.676
148.201
107.478
195.422
242.626
176.845
152.531
336.357
178.79
171.554
228.259
163.453
143.599
165.493
153.962
199.468
135.293
155.443
107.983
163.721
150.063
136.366
164.702
146.286
216.611
129.345
112.024
161.441
133.866
156.957
188.638
188.385
193.454
130.535
256.263
131.217
211.367
224.217
122.943
123.748
140.319
109.716
143.104
136.98
202.753
184.648
189.153
163.009
105.391
149.921
104.548
117.515
149.891
133.023
186.455
224.911
179.075
215.248
217.392
151.114
124.935
110.492
201.919
221.286
166.185
143.682
185.838
254.992
137.184
154.082
132.64
144.576
144.976
175.206
170.305
207.331
147.426
166.181
135.652
185.475
138.705
323.872
140.078
150.11
135.534
176.171
277.519
142.882
189.075
162.514
108.898
246.685
248.079
189.355
126.445
170.595
233.764
163.591
168.211
102.506
209.883
170.662
308.163
159.621
224.12
109.187
178.57
210.016
187.472
214.161
224.982
216.793
160.14
146.54
126.431
227.457
247.776
202.982
172.009
162.493
255.065
226.037
138.736
205.883
163.701
158.122
156.205
171.63
148.095
189.498
205.11
232.74
224.79
110.235
275.713
204.979
142.752
176.088
277.65
205.857
131.513
204.727
194.088
136.875
214.548
146.4
281.383
241.372
203.141
163.248
159.634
175.076
202.111
253.379
199.637
261.957
225.959
189.203
160.376
194.43
220.726
262.485
182.591
177.265
163.314
163.985
193.688
118.246
229.243
289.526
162.038
173.068
338.663
245.732
111.655
152.586
202.348
124.841
194.515
230.665
184.097
161.148
186.81
162.134
220.328
171.946
301.716
240.529
168.208
153.483
155.289
164.353
203.871
170.055
192.904
242.113
161.907
177.823
349.316
161.98
162.043
203.046
209.89
239.651
177.48
174.033
177.31
215.132
299.876
176.562
230.074
237.28
157.822
165.679
178.274
142.245
165.533
134.764
274.288
149.804
169.289
207.605
162.95
207
154.398
264.603
156.333
188.932
231.742
199.214
176.045
151.116
253.517
238.152
202.398
195.826
148.472
244.568
162.83
146.63
214.311
187.014
93.2243
238.877
160.424
168.676
236.417
114.884
265.978
186.022
216.36
207.882
208.388
203.717
122.857
332.38
192.949
250.152
188.884
176.383
211.482
182.887
213.052
163.622
137.588
194.423
235.722
110.762
153.096
159.091
113.752
205.426
216.986
133.387
192.351
133.572
164.257
171.338
169.506
179.319
203.486
193.651
248.585
147.294
264.949
138.23
131.607
180.31
189.206
163.936
155.736
263.289
102.194
147.729
177.508
193.403
180.7
248.213
171.274
146.797
224.645
224.727
190.036
272.861
203.423
217.268
193.258
247.042
213.363
165.254
197.635
215.703
248.05
172.829
148.095
160.805
163.542
247.865
183.673
169.46
120.196
173.706
257.596
186.771
171.098
186.824
164.351
213.305
149.539
164.963
152.459
140.023
213.82
153.091
194.516
185.073
107.907
189.061
220.58
161.763
180.497
160.48
179.765
149.822
188.756
229.614
228.81
169.327
163.684
147.067
150.399
240.148
157.973
260.969
187.416
151.479
188.638
137.059
229.206
181.337
175.89
322.973
263.428
162.701
229.273
308.92
202.436
138.686
141.627
157.494
141.259
180.563
192.535
238.283
241.921
172.747
192.981
259.355
166.207
144.378
253.311
142.599
118.371
141.316
146.409
136.88
161.07
156.347
224.92
366.571
182.961
169.796
162.014
183.871
199.934
142.173
194.943
192.689
143.129
253.491
159.705
202.313
238.846
169.243
131.892
123.028
176.824
179.125
250.973
181.927
164.749
202.027
202.558
207.063
147.816
195.609
145.927
227.188
154.545
149.796
133.228
183.79
196.224
231.892
226.856
233.917
188.596
199.908
232.101
227.087
179.652
178.656
185.399
131.577
167.841
257.127
224.348
237.739
192.681
155.768
184.448
134.888
129.638
165.119
191.182
284.11
170.947
160.154
126.941
306.41
174.145
193.262
162.167
171.498
163.731
168.807
198.191
222.049
138.601
169.824
108.76
154.933
181.168
219.099
215.302
140.45
178.988
165.739
175.282
176.734
173.215
129.828
234.946
138.229
116.06
152.889
114.239
189.024
156.46
209.836
176.793
222.912
203.097
240.1
149.853
223.41
242.538
208.794
161.415
158.167
225.699
174.542
209.738
173.157
168.895
145.963
160.73
158.095
167.505
210.577
198.52
214.048
267.903
181.038
192.994
159.153
189.672
134.405
245.446
176.334
245.344
232.201
135.033
226.307
161.602
110.377
129.475
208.348
133.352
142.028
327.204
164.235
198.365
170.436
193.728
255.182
181.249
140.71
289.713
156.767
238.682
204.743
166.167
248.65
149.338
195.757
125.425
141.363
139.784
166.032
141.569
157.364
134.204
179.742
219.734
143.473
210.198
163.984
174.296
128.076
123.676
123.948
181.064
142.45
256.83
270.913
133.803
163.2
119.886
225.361
168.227
292.5
169.521
216.699
228.275
212.666
128.241
211.268
192.099
266.275
154.204
190.84
113.709
159.263
161.586
235.519
220.196
255.293
272.503
175.759
172.025
255.547
205.384
91.2034
161.687
192.873
228.547
200.469
192.556
157.351
211.843
158.526
278.361
183.094
277.137
174.598
143.996
140.563
210.555
260.919
178.278
201.836
178.716
132.76
154.768
194.234
211.061
209.809
169.24
196.914
248.562
146.402
157.532
197.585
192.219
189.676
136.979
251.852
243.398
127.994
204.205
167.763
210.526
228.454
178.593
136.652
164.516
245.785
248.281
142.065
189.312
153.667
154.383
276.812
227.871
233.828
169.368
176.428
201.876
138.709
152.61
247.088
224.772
200.426
120.403
171.7
164.606
140.434
194.795
282.284
176.269
180.952
192.568
204.649
223.559
166.911
168.166
234.125
163.539
209.368
231.336
205.017
178.289
140.48
249.347
287.358
123.814
238.448
233.447
131.279
166.269
185.752
299.762
152.734
196.095
216.168
215.386
129.67
176.081
145.823
241.549
150.146
167.962
169.161
165.291
180.761
148.263
170.488
155.526
161.077
175.192
162.4
167.195
160.51
205.254
149.166
204.487
171.55
217.89
137.684
140.924
194.444
201.491
188.731
248.544
237.231
255.023
165.088
213.708
205.325
163.881
138.603
184.285
121.279
251.476
236.542
142.254
144.104
156.512
184.904
183.416
260.044
238.764
169.194
199.257
198.229
154.714
144.323
90.2635
144.796
189.954
118.385
192.198
152.781
139.248
145.02
264.16
155.498
215.143
150.635
102.219
275.811
276.805
192.173
245.32
162.24
193.186
200.475
242.294
178.784
176.572
273.726
163.635
147.852
181.605
173.879
150.93
173.139
171.799
180.38
139.201
137.584
170.221
258.112
143.417
309.905
198.055
186.751
197.586
236.169
131.737
186.182
240.772
167.156
194.662
207.186
135.616
245.752
250.238
198.531
129.968
238.391
275.896
166.944
131.878
171.619
115.821
199.36
154.716
145.525
187.685
105.331
232.108
261.915
237.003
175.061
217.691
164.912
160.447
170.808
155.282
159.293
200.298
202.948
291.785
179.89
241.383
200.994
144.58
171.619
216.488
192.29
117.618
147.376
288.88
136.463
239.029
189.87
205.225
129.472
160.466
157.562
198.467
128.425
179.248
282.909
212.521
222.53
138.082
169.701
201.241
208.988
150.815
134.422
185.671
197.188
155.766
197.646
241.485
197.525
213.955
180.346
177.111
231.406
140.477
134.276
203.876
195.931
151.004
120.387
225.94
238.304
215.991
264.16
256.242
202.32
146.42
197.415
217.803
203.965
146.659
121.127
257.24
117.363
137.672
163.105
184.015
132.708
159.875
144.968
154.084
140.637
181.061
193.152
161.994
208.356
127.974
180.249
151.211
163.901
198.033
112.312
159.443
150.27
129.546
135.465
157.605
114.531
168.699
195.452
206.35
144.631
158.383
248.947
180.117
219.899
202.121
157.019
158.713
238.854
211.87
245.699
185.331
219.059
137.133
126.019
195.593
150.464
189.513
226.483
170.143
292.266
178.008
161.9
219.4
163.757
241.416
239.308
108.645
125.545
266.93
143.906
133.483
235.139
212.683
173.727
178.174
217.523
163.969
133.1
192.962
191.116
259.058
138.685
142.9
158.221
143.097
152.953
200.391
141.348
190.128
266.823
148.933
136.808
243.534
175.262
136.86
199.226
154.549
190.162
141.159
170.919
160.206
156.586
149.611
191.683
171.994
191.73
182.993
269.591
184.849
202.411
263.104
240.282
272.2
194.993
186.478
162.702
190.646
214.705
163.355
208.119
202.434
138.932
208.645
136.91
224.004
179.931
201.244
231.48
133.387
232.67
162.715
171.25
181.225
147.88
246.719
209.601
133.861
198.759
144.471
192.198
135.308
163.897
226.599
215.642
149.475
287.121
187.19
221.106
244.216
185.514
225.142
211.843
156.065
217.373
126.844
246.684
198.887
211.408
213.064
184.823
172.863
258.186
220.361
166.442
174.191
118.246
205.057
148.294
175.593
236.228
168.347
129.553
148.214
266.787
217.437
202.716
184.412
166.874
218.57
223.505
155.278
166.462
200.675
367.812
252.588
135.961
183.295
167.875
110.937
209.7
152.753
190.532
140.349
171.86
130.634
166.778
150.334
226.219
228.121
228.296
179.933
201.761
170.097
197.891
173.828
161.668
135.365
184.586
178.288
158.222
200.709
158.888
169.784
118.04
150.305
158.104
139.653
202.644
174.58
133.223
122.79
124.623
195.42
148.756
128.099
149.979
164.831
224.05
191.739
251.571
196.821
167.531
229.113
310.985
207.188
194.115
237.959
236.108
297.826
242.736
233.615
163.085
249.65
160.399
157.298
167.717
135.515
228.864
137.356
133.623
219.543
270.78
210.983
164.9
208.365
117.444
230.585
208.602
190.462
131.64
157.955
229.348
131.108
241.271
243.708
224.414
216.409
186.211
194.11
152.952
244.786
117.02
157.149
173.788
195.412
275.197
136.152
146.123
312.187
188.346
126.788
118.181
226.697
439.797
111.005
219.214
144.766
171.089
157.201
188.699
189.257
223.936
141.617
178.634
214.219
163.984
228.948
135.145
145.12
148.414
176.056
200.288
148.254
206.391
198.67
198.212
184.383
168.093
195.241
177.092
202.711
247.389
177.931
156.277
193.574
150.577
114.231
190.943
234.974
150.503
228.355
141.167
300.107
182.16
205.098
210.077
159.728
109.795
215.172
179.7
251.711
192.846
174.818
216.593
225.195
112.226
192.911
193.332
159.185
270.319
228.003
160.755
237.631
187.102
241.69
172.945
161.529
167.245
217.973
134.472
186.122
146.876
168.839
291.829
276.422
237.309
154.86
204.442
164.781
197.094
184.541
263.851
215.956
187.031
155.297
160.005
171.863
205.582
174.174
229.399
156.286
231.682
165.02
187.342
205.725
160.832
120.994
128.338
163.304
221.196
202.227
199.782
204.629
169.63
192.602
162.879
119.713
140.088
186.526
121.97
131.998
122.561
318.123
200.178
222.208
194.815
195.978
213.334
189.45
271.981
142.652
212.557
256.291
183.046
190.771
177.873
200.327
166.224
190.71
108.119
180.705
214.51
217.377
173.997
160.474
167.532
144.643
223.63
157.471
169.298
174.487
239.024
114.565
118.949
159.439
267.902
175.368
184.538
181.18
196.61
113.725
120.058
186.628
173.829
201.946
213.835
150.167
169.105
135.688
202.1
173.881
204.458
119.668
165.525
116.626
176.729
221.52
151.555
188.815
125.023
154.679
240.759
201.08
169.808
172.001
171.785
170.567
258.495
204.213
153.34
186.26
165.777
106.76
182.243
150.37
181.758
182.007
166.527
125.618
302.681
205.904
132.311
103.422
138.697
162.326
226.272
232.222
184.922
176.882
258.997
165.064
217.748
165.291
216.854
161.11
177.673
320.162
158.022
144.587
177.76
192.578
151.42
252.426
258.119
201.173
130.301
189.239
208.597
131.75
150.247
209.32
141.37
140.516
216.496
211.175
182.325
235.173
179.962
125.182
201.669
168.066
222.334
150.117
142.752
206.993
159.246
112.231
173.455
200.194
178.37
228.015
160.203
112.113
184.665
176.791
268.847
152.998
199.544
284.077
179.284
174.634
168.461
213.9
203.805
139.653
252.642
213.135
270.647
142.672
137.162
201.337
131.659
187.758
226.678
196.097
200.181
149.17
210.544
239.036
182.647
258.438
145.413
161.851
196.702
140.449
162.849
135.862
159.218
263.378
138.254
234.174
180.599
212.842
165.22
151.877
171.014
223.646
196.125
179.499
158.139
186.63
190.63
175.085
228.401
88.6944
178.416
227.089
145.567
235.371
220.057
206.822
156.013
248.436
157.469
132.614
173.361
236.945
169.319
176.432
143.197
177.829
221.504
153.052
184.026
209.531
109.583
166.369
178.06
285.917
192.44
139.674
152.764
141.924
228.111
134.171
138.644
184.092
230.761
157.347
161.817
200.905
190.137
129.277
216.259
218.361
158.97
215.086
143.721
227.709
141.576
211.403
172.969
235.603
269.275
168.444
140.513
152.185
183.766
144.886
220.756
191.603
241.316
164.868
249.821
237.692
169.355
181.405
185.567
184.131
187.679
193.365
194.246
255.776
292.476
213.322
173.2
145.329
109.785
147.277
276.204
214.615
167.969
207.764
162.513
153.354
162.762
172.801
165.543
252.919
228.053
227.752
181.946
219.402
152.519
149.583
162.73
179.523
104.91
210.977
144.132
199.051
215.085
205.425
148.371
182.102
136.457
141.124
208.355
142.495
225.695
241.976
179.966
175.984
159.687
138.352
241.723
208.863
129.509
228.489
167.906
251.31
224.921
185.217
144.348
139.314
151.249
192.333
194.734
167.434
145.443
156.925
155.017
157.764
167.63
222.463
194.569
157.583
232.218
142.147
173.107
174.996
126.764
156.272
234.831
138.789
176.231
174.925
296.643
145.655
183.224
164.793
185.566
169.348
208.887
163.1
161.166
238.282
243.766
241.352
179.681
206.177
143.889
144.649
173.468
207.441
161.039
194.373
215.615
144.655
163.03
145.235
154.98
164.268
170.341
133.242
190.115
172.863
209.095
314.478
151.106
194.577
237.182
206.64
186.595
177.659
214.436
215.25
153.817
155.508
154.442
158.175
181.02
150.568
227.642
307.815
158.279
175.953
161.872
198.815
113.859
180.095
164.721
157.285
185.379
206.84
156.241
172.584
230.267
143.862
166.648
175.785
311.373
144.099
152.13
225.514
226.428
198.734
160.892
152.407
280.173
215.668
178.473
154.884
179.526
144.105
210.227
183.481
265.072
200.916
128.792
238.457
203.095
232.956
124.579
172.966
133.283
220.357
234.842
212.099
224.656
168.861
230.827
172.149
136.608
121.703
177.775
226.169
190.098
229.422
148.001
226.381
227.9
173.95
180.273
155.238
156.554
174.253
81.1333
189.567
162.13
161.853
228.282
173.996
154.69
139.057
122.469
146.106
160.05
154.575
226.039
156.369
136.051
205.46
133.637
170.313
167.336
192.755
206.416
192.433
241.188
164.249
217.803
143.051
206.075
163.537
178.121
150.751
156.789
192.084
200.517
233.039
150.85
104.564
198.985
194.188
241.278
174.486
127.011
221.172
225.357
180.983
173.203
211.51
198.562
216.762
151.629
189.602
302.102
157.271
261.557
147.404
198.368
233.115
199.539
172.237
204.436
319.825
234.147
211.337
181.05
180.712
142.012
207.507
118.352
236.453
174.156
170.586
197.801
197.556
151.54
131.85
186.445
170.344
102.083
218.601
169.881
186.645
219.294
183.272
148.645
135.598
211.512
236.726
146.518
125.938
175.004
173.334
321.435
168.04
210.749
168.759
229.563
117.756
215.308
103.593
257.716
213.438
253.879
167.391
136.085
252.157
245.169
155.645
161.498
267.998
187.327
194.045
155.274
138.58
172.231
218.643
228.014
170.427
212.256
200.076
189.567
227.417
203.516
258.701
164.343
184.405
203.87
143.451
147.756
222.831
161.478
212.465
128.552
123.846
156.682
179.959
166.073
235.639
273.307
122.548
145.888
118.622
249.224
154.765
205.372
177.135
135.968
134.42
202.856
143.476
203.979
165.12
188.254
280.986
276.181
196.068
169.343
146.674
120.942
185.001
159.521
112.854
192.863
238.863
174.825
184.035
215.605
187.765
152.318
188.19
173.966
198.199
222.562
151.217
152.81
167.578
211.453
225.635
158.083
197.604
138.298
171.99
300.121
98.1768
204.175
233.056
203.951
133.294
147.34
171.562
161.002
147.747
205.272
164.564
168.211
251.676
166.501
225.195
171.112
277.159
139.444
161.359
168.675
217.77
203.79
189.124
184.01
172.252
151.219
185.731
193.266
217.995
167.935
162.268
127.66
240.294
184.358
147.706
202.99
121.474
126.096
186.956
164.091
214.96
150.933
157.145
218.338
189.882
125.883
184.14
150.411
224.004
233.238
174.776
189.12
162.962
120.535
215.341
274.398
218.274
156.924
186.742
300.307
156.538
174.907
273.666
208.259
136.063
196.994
180.397
134.895
180.524
257.976
161.388
220.3
159.205
243.597
163.153
159.393
183.838
178.32
136.883
109.93
218.67
152.785
199.804
153.283
212.495
209.069
272.456
178.373
176.242
263.321
152.349
218.741
177.506
240.066
184.149
168.708
183.096
253.241
169.245
139.222
200.197
177.951
231.255
219.928
173.087
218.953
211.533
142.21
190.097
277.928
243.223
292.92
177.185
167.706
138.335
322.627
173.831
124.467
186.188
160.382
267.251
161.878
120.147
147.162
201.339
237.183
178.32
243.302
156.886
156.431
146.822
220.133
185.218
213.089
149.528
189.634
157.524
165.628
165.204
171.092
195.646
249.056
114.885
160.165
120.142
186.833
156.271
168.789
127.893
187.129
225.02
198.653
166.269
139.784
116.776
228.794
213.731
134.345
161.911
198.054
277.469
205.401
204.564
188.71
157.405
181.574
187.862
193.692
153.298
143.838
171.676
130.488
117.733
201.043
157.078
282.863
135.548
165.169
175.699
204.407
106.381
194.708
124.817
191.223
218.737
194.704
167.086
161.841
161.897
215.668
167.238
199.789
161.539
148.801
187.358
178.771
222.674
189.469
168.784
240.754
219.18
169.777
143.757
198.181
138.779
182.317
180.118
177.05
171.872
198.262
150.24
168.286
123.145
158.676
284.047
178.017
233.479
157.136
213.867
262.452
172.625
204.753
224.702
215.044
157.215
162.003
273.686
179.776
161.831
170.835
181.757
216.973
130.04
187.006
161.175
224.666
189.854
176.503
118.61
156.351
208.396
243.042
155.694
265.795
238.834
181.691
217.024
226.362
206.577
208.224
202.269
157.222
176.858
158.189
238.749
216.447
306.609
157.125
125.629
215.49
303.859
158.249
148.235
237.784
126.703
246.095
202.832
144.238
133.983
272.153
353.879
180.746
168.293
190.496
197.568
208.469
153.997
173.927
184.546
155.851
218.316
113.062
339.965
140.683
177.306
193.399
267.048
139.295
180.866
168.348
207.581
122.929
128.688
204.466
170.678
268.026
170.483
115.471
187.145
140.574
150.801
200.988
191.667
190.968
184.279
169.108
201.32
127.07
164.732
170.293
206.429
189.166
158.508
193.283
300.667
300.388
230.086
210.565
187.65
192.474
297.866
191.754
182.147
147.272
143.008
197.958
197.507
106.709
143.417
146.736
183.887
257.945
180.456
245.844
135.746
170.455
297.59
145.965
177.837
254.256
147.343
133.958
198.455
239.286
155.422
195.369
219.153
142.843
183.167
231.047
115.513
296.144
137.7
202.066
142.134
128.964
280.274
218.058
201.388
256.45
165.546
147.269
167.381
159.914
211.425
176.295
136.305
161.491
168.423
150.713
149.002
113.819
141.941
250.778
186.156
218.836
146.683
186.541
177.379
200.032
222.137
216.216
224.384
146.507
122.32
153.7
162.22
187.246
216.532
145.972
257.458
196.437
137.895
177.184
151.323
124.347
294.543
168.971
264.205
204.979
175.181
213.938
171.028
184.883
172.214
212.513
175.329
209.122
200.809
138.758
228.65
177.621
180.119
151.49
103.975
293.448
144.068
153.414
207.194
212.447
197.95
203.17
178.508
171.873
265.847
171.395
153.851
297.21
172.219
259.958
158.266
190.938
187.35
219.367
308.755
184.586
152.643
221.513
266.575
169.035
222.208
120.765
152.087
228.129
283.861
215.279
259.367
188.702
139.625
141.15
181.823
139.384
210.007
131.672
137.6
147.967
147.347
155.452
162.112
237.056
191.263
143.669
175.205
113.046
252.986
238.477
189.953
191.955
185.027
220.061
204.309
149.351
182.996
136.394
186.626
239.614
106.829
155.999
194.346
176.082
175.676
126.999
159.202
213.209
176.887
167.187
258.228
301.316
236.732
146.955
215.866
130.134
118.197
160.564
118.506
185.792
209.56
302.055
185.017
191.107
202.863
205.51
177.262
141.604
270.675
181.908
223.445
145.255
167.725
188.257
186.005
125.489
194.653
135.561
149.964
200.621
215.043
179.99
135.781
228.435
158.628
179.093
246.893
132.375
205.783
150.713
214.599
174.347
130.639
194.522
155.093
110.333
149.361
157.996
95.8658
247.595
193.374
136.992
197.146
210.782
139.986
191.732
142.335
150.879
174.57
141.593
190.568
250.434
144.099
259.538
143.986
168.904
167.255
193.237
190.797
187.927
197.22
146.186
237.668
165.162
135.808
182.965
179.923
185.72
162.83
157.423
111.777
169.469
142.06
120.602
207.14
246.859
245.556
132.126
270.702
130.734
187.024
237.715
177.626
131.511
161.441
184.968
166.797
174.717
176.484
169.879
169.307
264.654
169.451
149.961
163.52
132.204
117.123
128.022
259.513
184.474
186.166
175.528
312.011
140.961
217.906
155.819
202.552
217.066
190.396
176.784
192.093
200.999
168.696
172.604
166.901
182.037
189.278
110.929
102.704
247.686
126.405
202.126
162.913
183.002
245.46
180.868
159.758
179.686
139.567
223.142
154.953
284.364
156.155
153.981
122.647
212.975
254.099
231.434
233.341
170.916
135.28
191.852
248.33
195.197
155.935
173.071
352.986
213.507
203.125
230.27
194.331
270.409
206.799
209.154
162.486
260.798
205.349
157.599
208.368
224.34
156.886
163.001
272.345
251.122
137.434
131.981
156.102
152.662
267.992
289.24
167.378
173.846
157.613
162.723
130.053
221.226
170.907
193.511
162.007
127.897
244.427
190.114
260.132
217.117
162.317
206.323
144.639
190.109
176.13
186.976
110.809
200.729
129.881
148.454
170.6
126.467
247.612
175.516
177.01
192.682
227.776
176.332
204.487
153.834
158.478
221.248
205.842
268.536
157.15
194.133
163.808
191.417
168.379
228.329
224.861
179.403
131.255
305.7
192.034
208.875
277.743
214.624
199.23
199.168
127.056
128.346
213.711
255.871
263.455
213.474
175.909
205.075
134.074
106.371
120.245
233.967
150.377
165.343
251.776
154.019
325.262
285.348
234.236
185.815
379.876
139.895
157.94
161.863
215.168
135.099
191.026
111.344
143.713
192.505
211.145
179.774
168.751
261.311
180.471
194.17
140.967
165.247
260.416
134.746
187.176
215.603
140.602
187.673
188.842
244.806
159.725
220.748
134.202
253.115
160.842
231.082
125.554
222.164
139.274
235.245
194.555
149.404
100.452
216.234
153.827
183.74
191.695
132.288
183.4
244.633
243.74
153.474
125.16
192.01
200.078
147.975
163.875
206.107
165.579
205.46
208.972
268.726
252.429
181.831
161.234
288.051
210.44
223.287
186.157
166.076
200.036
146.592
171.984
192.852
203.505
267.065
180.606
183.059
180.107
183.299
122.977
162.157
142.1
171.387
275.548
203.297
162.976
198.375
133.416
213.072
159.399
133.948
180.059
217.15
139.519
215.912
153.118
194.828
204.831
116.141
146.077
162.716
177.084
128.974
112.428
157.477
188.096
203.752
271.867
207.01
183.049
139.41
223.56
164.252
203.012
185.666
183.631
252.35
205.284
161.137
103.139
179.018
146.443
157.517
116.669
234.312
135.253
107.567
221.625
220.288
134.206
124.198
155.439
178.067
164.066
176.446
180.685
181.725
191.048
204.167
225.012
122.08
132.403
192.308
227.068
258.447
143.527
147.161
219.273
154.855
135.827
164.839
189.274
163.154
181.623
194.16
157.036
118.267
145.104
229.724
165.178
194.541
245.807
178.832
176.456
181.103
209.42
169.072
155.9
192.256
115.468
153.172
175.601
187.231
167.851
202.82
208.725
154.72
249.617
128.437
152.379
176.045
228.257
161.225
162.976
196.132
201.999
258.148
222.977
200.115
207.563
176.992
140.542
190.859
211.59
225.985
123.132
195.137
152.115
240.857
159.12
146.252
193.286
159.854
152.279
153.593
175.974
194.121
220.405
188.853
193.189
131.195
180.881
149.684
175.187
166.357
175.547
124.14
224.712
129.091
120.992
165.549
159.04
172.151
158.396
162.513
113.755
192.325
205.433
173.664
161.185
224.002
168.215
213.354
174.277
165.665
227.292
177.401
148.033
199.772
159.832
145.585
166.228
176.384
200.598
187.679
165.597
258.2
193.018
168.19
117.606
164.945
192.382
144.312
197.326
191.696
204.002
181.867
225.094
160.868
126.188
199.302
208.222
118.433
131.147
129.841
125.104
203.812
147.027
189.566
196.069
167.73
219.454
178.471
185.986
254.952
207.647
210.157
209.218
188.796
224.735
206.162
173.214
160.165
178.629
164.699
156.773
303.348
239.503
143.033
201.57
207.405
246.821
178.099
191.143
135.474
304.013
182.409
135.308
118.719
126.568
121.299
222.862
168.838
193.637
127.731
247.034
191.745
117.041
149.321
145.285
215.791
144.92
168.95
163.88
281.073
136.002
188.647
212.326
139.476
174.698
248.519
144.546
125.478
225.737
132.381
147.052
260.987
165.933
347.007
164.581
182.816
276.924
203.613
176.614
220.641
253.495
169.642
202.716
162.842
258.768
118.655
152.978
278.604
165.662
171.765
206.106
98.1722
216.133
135.543
210.994
160.888
164.461
171.719
149.978
193.482
171.036
201.292
152.186
148.894
198.566
195.076
106.551
192.496
152.525
194.911
194.156
144.74
183.886
192.708
136.657
227.816
192.123
148.784
192.818
160.775
203.936
194.637
276.605
375.339
204.633
235.964
175.913
196.837
222.715
163.767
176.477
170.751
265.211
190.006
180.348
304.819
155.961
132.608
165.266
133.699
133.098
246.513
197.103
144.426
182.529
209.164
182.476
131.728
164.413
173.935
243.199
122.116
219.902
211.335
195.778
182.24
203.275
157.349
242.658
136.026
228.459
132.593
298.81
164.305
245.002
201.854
200.304
228.038
199.417
135.838
175.099
172.807
171.712
163.047
174.371
218.089
243.873
318.769
356.968
276.742
213.382
273.623
118.399
196.142
157.655
120.854
212.202
181.562
200.624
142.892
228.236
188.266
231.63
212.753
202.535
169.77
160.281
228.766
276.671
143.148
217.586
162.127
145.913
322.862
199.276
205.706
166.985
166.154
183.231
167.117
189.97
176.704
157.407
174.896
145.556
235.354
170.346
140.514
221.108
180.44
193.434
224.557
152.258
190.059
215.673
216.833
190.052
209.925
135.133
156.909
174.045
170.591
190.664
125.557
174.988
179.63
164.964
184.29
230.429
216.679
117.716
255.376
213.235
170.244
184.156
175.347
198.479
186.471
135.832
165.285
244.611
149.437
134.495
176.682
167.656
194.524
223.898
218.307
212.227
187.707
170.42
112.051
214.67
231.973
173.445
143.03
218.214
178.842
220.942
133.631
180.809
184.68
163.933
191.929
130.53
193.361
124.564
204.805
182.419
131.792
253.665
203.705
167.87
178.493
174.357
116.567
226.077
231.059
189.271
190.057
166.726
223.52
272.119
202.864
326.437
132.551
187.804
157.339
176.681
202.051
207.939
140.666
219.657
206.811
152.191
174.219
144.022
325.731
238.486
196.354
188.316
202.426
101.612
158.419
231.281
264.514
299.056
97.2158
324.724
272.981
129.971
157.372
178.322
223.227
256.961
208.422
223.047
179.222
212.653
259.016
160.98
286.055
239.699
217.79
244.955
202.436
214.578
203.471
181.392
131.329
223.323
165.245
190.156
193.297
161.487
143.103
118.498
274.694
179.769
126.39
305.498
135.316
247.762
262.467
162.497
132.569
147.07
164.412
173.734
230.761
169.331
192.197
127.572
155.263
159.611
161.861
153.844
315.488
166.988
144.03
191.291
249.206
230.565
167.923
229.408
194.569
155.22
148.46
121.523
255.486
150.205
140.293
161.584
161.42
222.858
185.471
193.746
201.824
182.946
178.19
160.671
194.712
218.828
133.832
159.182
153.512
143.471
172.46
205.284
185.561
201.018
160.697
125.268
143.185
199.211
217.552
199.326
181.957
138.135
170.593
280.526
189.204
196.31
113.471
177.754
193.846
207.468
204.597
221.116
211.279
156.741
229.483
148.121
270.807
137.068
210.135
134.333
343.796
187.765
218.923
223.043
228.049
189.516
234.244
105.503
156.024
189.401
187.899
155.423
159.765
188.37
189.004
249.798
217.48
204.502
172
166.931
191.946
224.44
242.187
112.642
159.917
181.599
271.656
187.245
169.901
157.719
188.281
85.6195
174.75
127.424
160.62
282.044
193.104
189.856
160.179
232.62
179.372
163.435
368.514
166.522
223.964
161.207
170.583
144.738
188.547
190.823
179.834
146.249
176.559
168.163
171.798
244.162
266.195
218.67
152.215
194.105
203.753
180.805
185.183
143.724
262.54
191.85
195.345
137.566
163.391
205.466
243.889
153.432
195.556
208.332
225.92
211.694
185.592
202.293
192.581
183.189
136.603
257.879
265.292
231.474
131.778
152.722
200.681
131.627
127.599
257.535
178.961
121.87
201.985
171.468
250.833
164.579
185.631
233.336
223.35
181.926
181.434
148.968
213.245
173.082
99.8275
179.369
261.282
250.099
103.124
149.372
248.013
219.92
227.071
176.291
223.489
161.059
193.102
182.315
160.168
173.014
201.82
223.997
151.23
108.091
184.409
225.928
199.911
243.079
208.937
233.718
188.357
183.94
175.422
118.886
140.857
217.898
138.042
154.499
130.368
286.947
158.223
305.803
180.954
236.46
160.256
198.882
180.008
131.931
225.144
160.64
210.901
184.956
160.958
180.465
200.363
155.671
143.019
162.843
213.433
179.419
164.741
163.925
160.118
304.067
184.795
142.08
127.891
184.526
259.792
196.661
111.586
168.612
243.606
137.116
196.938
166.904
163.581
138.363
193.8
142.967
117.434
147.967
151.727
121.275
148.002
151.697
263.894
158.046
217.224
199.41
174.772
161.503
149.157
183.061
203.156
134.594
191.133
146.907
287.009
190.749
179.918
134.148
189.434
166.97
206.817
124.12
203.632
185.429
107.189
139.547
220.057
168.986
175.104
178.76
172.897
202.589
173.816
134.274
165.815
159.906
271.935
221.061
200.46
166.835
186.598
151.353
147.554
148.995
174.968
180.755
194.983
158.487
162.325
174.915
136.913
139.209
121.597
335.46
151.803
341.265
182.646
213.472
147.283
176.209
128.847
143.472
220.071
177.66
231.706
113.628
159.733
140.351
287.269
155.855
150.587
194.312
212.587
130.822
208.703
172.04
166.769
218.167
164.305
153.175
134.565
165.589
245.7
183.308
152.202
222.801
174.176
165.536
260.106
124.903
179.73
270.641
252.101
135.723
166.996
121.873
145.008
161.388
279.015
170.379
158.203
223.159
115.926
171.828
194.617
204.408
191.702
132.855
182.463
198.011
92.5506
137.785
132.756
142.759
321.725
156.876
164.485
171.904
230.503
212.407
181.399
141.701
205.56
189.914
174.439
262.354
173.507
207.963
146.328
194.148
229.144
160.121
161.912
172.32
190.729
258.213
189.704
127.458
210.813
146.344
251.87
158.671
125.216
162.381
159.883
222.814
148.638
165.61
171.793
262.919
270.469
242.196
204.909
180.631
135.973
155.47
234.726
182.842
133.748
181.664
200.976
180.601
142.428
294.871
172.838
181.158
189.587
181.336
136.314
129.281
168.67
187.655
172.348
264.662
166.325
158.986
146.52
215.137
315.729
187.745
205.167
119.037
93.1336
212.456
147.751
235.368
157.837
197.524
212.296
246.28
182.276
150.768
185.289
210.741
194.818
207.834
192.476
132.663
174.892
139.006
191.589
134.72
157.806
159.424
197.525
174.537
141.07
156.388
174.013
163.058
127.439
158.663
161.195
200.921
154.459
201.632
190.374
168.793
271.265
174.867
169.394
213.478
144.521
204.816
180.997
189.601
198.921
217.942
168.968
213.383
131.882
249.85
226.547
205.231
163.499
158.143
153.798
130.382
196.009
137.841
182.75
247.094
169.596
233.025
209.28
185.955
175.254
132.03
105.837
168.836
248.486
172.28
212.196
284.423
210.739
187.063
214.048
181.695
208.446
147.425
250.309
178.47
181.526
233.045
136.403
190.057
145.349
164.359
216.585
179.469
150.328
174.167
252.418
193.843
154.339
180.801
160.319
154.629
119.247
160.408
261.82
152.023
137.994
113.186
170.163
165.938
121.286
205.449
191.878
151.495
220.923
188.349
168.571
144.902
333.637
199.005
171.236
248.903
139.121
143.114
219.894
239.952
295.731
181.854
164.036
153.158
176.201
228.667
301.223
219.456
140.754
172.692
175.01
366.933
179.531
185.124
186.361
251.116
153.295
146.013
202.558
294.421
157.371
315.032
181.222
179.898
176.508
205.164
170.248
118.546
155.06
184.472
246.1
126.635
202.268
211.241
165.821
170.262
116.642
130.089
181.259
209.129
146.431
156.473
215.124
226.397
194.438
286.177
136.492
201.007
134.612
109.823
203.018
210.698
124.12
195.468
257.572
323.483
134.607
197.616
156.596
151.897
190.035
207.056
138.181
132.771
252.395
277.759
194.824
179.624
157.835
171.852
182.314
161.07
233.336
156.88
155.727
206.877
167.993
195.185
217.23
177.676
148.117
198.502
118.695
182.586
162.72
195.039
185.908
198.75
182.329
224.787
196.552
160.163
190.093
149.566
120.982
218.169
188.442
148.539
142.473
173.132
223.663
207.644
212.867
180.771
273.936
157.188
230.378
139.189
171.305
251.353
151.984
260.556
205.418
162.638
181.147
207.685
175.327
174.494
257.097
192.699
230.36
185.526
118.145
190.284
209.27
110.786
184.487
188.907
182.504
126.223
118.007
229.763
202.496
253.228
122.761
213.737
195.72
187.484
205.459
238.629
156.192
149.306
180.321
177.344
125.985
162.639
165.032
127.036
154.672
161.779
151.237
132.731
162.354
154.422
172.726
126.734
218.557
210.463
249.091
222.146
118.749
289.848
190.566
169.133
206.01
196.976
182.863
126.987
294.016
188.08
181.91
176.568
144.247
298.984
289.731
135.231
212.205
175.123
136.173
158.625
127.928
305.235
244.438
174.543
200.916
191.733
184.039
274.691
180.155
201.658
206.458
158.203
146.996
181.538
203.084
164.507
201.536
126.496
231.834
200.587
237.471
179.849
175.313
119.565
163.286
219.538
205.726
213.799
184.226
241.716
133.314
186.877
134.064
194.91
230.268
163.339
180.946
223.138
207.332
141.844
251.394
168.87
191.977
149.318
194.376
144.549
189.924
161.416
200.422
208.269
191.198
178.563
193.776
159.826
183.85
259.751
114.671
163.162
252.484
144.168
201.41
162.564
221.081
309.594
244.975
150.994
130.283
130.882
152.638
234.221
242.979
218.328
199.973
186.774
206.277
140.815
184.076
119.633
167.211
189.231
194.071
219.356
134.036
208.531
178.084
140.843
218.232
204.392
194.382
223.181
126.593
179.171
209.633
125.622
211.979
176.918
184.458
134.4
300.663
210.948
183.162
116.692
203.651
207.843
207.863
195.682
201.822
173.686
127.815
216.374
263.378
171.851
146.3
166.74
271.955
139.127
149.614
195.999
223.305
248.347
114.366
263.321
149.986
123.216
184.978
152.349
159.184
150.807
161.73
154.473
135.218
187.027
143.372
143.884
212.841
150.34
199.754
198.553
114.942
137.718
126.421
168.842
206.783
201.201
208.987
150.696
227.941
247.85
176.432
89.7935
185.206
140.136
321.486
159.713
291.36
160.428
169.911
158.723
180.425
168.574
197.101
289.785
192.793
182.979
220.746
160.805
334.789
150.154
166.478
132.549
183.281
253.494
274.25
165.576
162.293
170.955
226.645
148.695
168.383
124.919
145.043
174.228
271.139
124.657
285.359
190.568
259.667
169.141
177.144
275.153
190.293
122.474
191.28
180.923
135.17
189.206
145.069
191.624
218.461
189.324
154.691
205.108
182.495
234.497
209.566
213.318
142.344
266.951
178.639
133.171
180.505
125.92
248.4
182.977
180.941
209.483
152.779
189.883
165.658
151.35
223.016
157.628
179.585
244.445
199.304
217.036
171.23
176.925
202.311
235.033
187.575
135.439
195.653
159.755
151.256
183.008
158.787
166.887
282.939
185.583
291.019
274.312
147.499
167.779
147.784
209.929
136.446
186.99
209.422
179.672
230.595
173.189
131.498
171.696
216.624
255.309
218.775
256.058
176.783
129.822
209.349
168.509
280.566
107.745
157.662
227.541
172.9
246.351
189.419
172.432
123.335
303.275
128.395
206.229
136.871
194.801
232.712
155.477
185.468
131.055
138.757
231.007
221.91
127.002
296.724
179.85
160.148
161.156
208.786
160.985
206.749
149.499
195.965
233.073
163.793
145.404
149.642
169.243
163.767
201.507
225.464
166.74
137.597
169.414
153.246
197.9
226.817
192.911
174.188
160.051
119.543
175.67
185.456
211.439
215.642
219.878
240.257
160.785
185.101
197.846
211.92
177.505
161.924
130.504
135.918
247.59
123.736
202.681
190.169
211.8
167.62
265.116
190.13
143.646
204.337
185.311
182.135
142.158
159.509
162.312
170.941
162.787
199.003
181.001
151.025
247.816
199.048
151.935
211.14
179.126
107.199
209.342
201.208
167.032
145.637
153.08
198.165
154.423
181.563
147.112
152.828
218.193
176.303
150.653
326.706
176.906
225.028
173.72
219.471
145.702
132.493
229.971
151.788
179.507
198.577
210.037
133.939
218.249
221.817
193.221
239.181
160.372
251.077
214.377
166.696
163.773
209.929
132.157
117.765
235.364
222.139
188.718
186.641
216.137
160.239
172.026
163.208
192.744
147.729
135.94
263.397
193.064
141.294
122.379
159.536
141.931
167.756
196.924
219.852
185.985
191.263
202.831
225.059
207.944
175.233
140.325
237.02
160.381
236.456
188.037
202.355
233.079
177.682
173.785
153.983
174.02
360.997
158.044
119.057
189.022
232.271
191.896
135.674
220.119
153.274
156.27
235.377
195.644
110.549
140.817
206.25
168.32
188.973
162.345
170.268
162.022
244.138
178.973
171.736
284.576
194.282
288.986
130.71
153.937
156.992
176.376
280.882
233.47
88.9633
259.087
120.531
217.995
143.166
193.017
146.629
218.457
138.023
165.712
184.631
246.126
191.645
244.131
162.034
160.343
125.517
194.614
215.242
148.305
203.83
174.78
150.216
205.213
145.989
243.699
146.178
244.78
176.78
214.051
118.158
272.068
155.492
138.301
228.852
148.959
134.608
149.566
150.234
168.31
182.803
208.942
181.672
284.018
168.12
200.964
184.172
152.764
226.442
188.627
182.317
135.555
163.452
138.657
205.552
179.471
160.937
195.566
201.913
180.198
139.699
317.893
241.313
154.158
150.163
170.863
188.502
165.454
190.089
153.673
180.029
144.052
216.34
187.494
282.193
177.002
143.257
311.399
140.231
137.807
150.01
131.309
199.825
154.212
169.137
243.259
217.391
169.385
168.514
155.409
199.82
210.845
190.07
173.517
144.983
230.654
166.417
161.017
180.989
156.084
155.025
184.898
147.4
134.596
198.28
212.576
209.818
312.016
177.78
129.086
164.365
207.105
171.334
181.933
109.803
248.182
160.564
159.845
163.14
165.732
266.67
125.447
261.581
175.454
146.081
276.409
191.003
206.44
182.151
150.955
213.497
179.429
178.58
97.9726
173.829
184.356
167.739
132.79
174.229
249.931
166.533
151.14
152.452
154.703
279.691
200.809
188.707
199.095
162.115
201.074
185.186
197.523
131.113
176.472
146.788
131.683
157.947
167.406
171.798
178.729
179.792
221.749
217.659
196.398
166.096
239.145
251.769
196.606
172.579
220.207
171.416
208.848
228.007
244.952
219.08
154.793
128.495
215.64
228.615
225.7
173.61
174.547
175.955
204.789
130.62
152.726
224.404
139.75
173.764
153.054
238.001
179.789
159.342
190.166
206.864
198.595
200.425
121.879
163.289
245.848
146.354
164.811
204.71
226.636
240.147
223.901
172.432
173.467
141.721
146.614
179.474
187.104
146.181
221.805
174.617
197.67
173.585
246.06
146.03
180.027
187.248
192.014
234.877
118.5
162.493
214.097
250.474
146.159
107.516
207.069
146.131
131.692
141.981
190.897
112.386
116.262
156.463
126.068
228.781
221.262
167.837
165.095
166.94
212.053
158.274
100.102
180.671
191.414
152.216
129.402
196.326
178.578
184.559
197.342
151.41
181.22
161.315
203.438
138.138
182.368
109.032
214.424
190.016
174.08
134.934
110.518
181.986
161.498
122.731
172.419
127.16
234.95
162.923
154.094
245.429
193.739
174.976
194.838
214.203
118.114
198.973
363.933
214.472
163.019
108.304
151.157
197.681
218.802
164.329
168.532
228.333
144.393
269.739
212.107
231.464
234.923
121.468
179.724
133.992
94.2951
192.717
215.783
177.379
187.461
209.691
181.987
201.095
152.273
183.052
158.266
256.836
218.711
246.367
132.75
159.779
226.267
157.243
120.604
142.257
220.982
156.045
145.036
216.563
149.967
185.021
144.814
153.498
132.347
163.696
191.824
217.886
149.698
191.347
216.527
162.596
136.45
144.932
181.867
178.188
204.792
113.773
115.556
208.325
160.059
155
196.251
188.696
208.519
166.866
182.07
186.374
154.008
157.752
225.743
211.558
149.828
302.917
152.168
170.396
156.494
133.024
158.738
216.891
229.166
145.208
233.224
192.103
220.979
168.384
189.952
182.206
171.167
158.976
182.628
224.542
132.206
197.222
186.039
152.619
184.844
162.345
114.35
208.745
284.082
133.287
183.65
255.159
198.999
282.083
179.474
132.731
124.991
161.855
107.37
159.101
162.081
146.045
173.318
189.658
218.057
132.55
149.292
148.358
155.46
147.625
149.848
203.119
212.495
117.117
193.951
194.392
249.47
178.565
186.605
161.724
170.552
164.101
175.887
244.082
252.69
197.514
173.972
233.189
263.043
159.477
120.708
157.876
181.676
183.649
121.811
146.638
191.631
136.34
145.333
114.083
181.893
169.855
204.275
188.707
239.82
194.173
137.374
160.154
148.428
133.655
168.426
177.993
119.996
146.717
177.767
250.433
201.877
169.256
176.873
138.361
167.178
178.026
265.52
267.142
121.16
306.802
230.46
252.562
204.056
138.753
191.133
143.816
196.041
198.239
147.643
197.987
103.776
170.527
163.762
135.731
107.997
140.674
167.995
111.623
228.204
215.6
226.856
275.711
206.114
199.368
171.53
143.293
146.57
245.425
138.769
174.081
221.824
298.51
211.501
162.404
180.257
204.846
161.991
93.9559
223.861
167.329
153.885
222.739
137.035
269.974
206.864
190.722
206.112
194.119
250.114
272.917
236.298
137.009
160.187
137.867
138.635
180.887
171.99
148.623
254.624
150.952
207.963
147
181.237
152.054
202.81
147.674
158.952
118.339
136.308
174.67
247.831
127.714
291.328
180.579
250.294
151.753
137.197
174.274
206.294
186.897
99.6785
208.715
137.289
187.817
243.981
211.448
146.018
162.503
206.16
173.052
204.407
147.735
212.47
184.254
203.272
197.423
214.788
207.093
202.185
161.687
200.155
161.886
147.93
216.129
201.63
143.34
244.372
148.87
268.802
218.355
283.201
262.509
153.408
176.898
165.03
160.392
294.669
153.574
154.612
156.134
237.328
195.084
164.732
213.225
119.39
227.646
184.409
214.638
136.389
213.372
110.118
138.316
166.677
265.471
160.151
230.759
177.945
211.196
125.228
180.976
118.598
160.171
229.212
139.142
180.459
196.041
196.924
163.592
198.205
190.122
178.378
181.22
266.115
183.231
198.249
184.508
148.448
330.992
178.472
213.22
141.129
217.943
180.771
197.005
242.841
181.269
150.843
211.412
174.067
159.662
266.432
166.892
134.72
164.986
196.391
284.641
222.152
169.522
171.583
150.218
156.397
164.685
144.603
355.328
106.833
173.246
131.843
145.22
154.04
150.944
223.63
177.423
107.425
160.529
167.47
241.325
215.66
190.836
138.962
133.46
142.009
149.96
186.433
167.047
194.784
132.011
175.797
116.328
160.207
260.624
158.258
198.677
173.391
130.409
239.655
207.53
214.167
125.653
134.619
149.748
247.74
191.279
128.185
206.115
123.949
161.653
204.122
165.924
229.217
194.026
201.308
230.166
161.443
152.114
248.782
143.695
125.338
141.074
263.588
172.655
178.781
217.873
148.268
162.592
169.122
231.669
188.295
205.979
140.988
168.166
180.802
225.034
157.308
142.794
151.641
136.596
170.224
152.202
201.769
148.605
84.5274
136.754
190.589
234.837
160.01
130.404
174.348
158.153
199.338
201.233
199.96
177.567
221.674
171.724
224.214
274.334
183.979
179.246
201.849
249.042
183.154
172.895
244.581
100.209
185.624
151.05
177.374
175.043
168.934
203.782
216.147
143.898
209.301
253.804
235.125
244.986
216.488
158.166
164.084
212.197
204.582
168.103
224.017
182.726
210.682
185.333
178.182
266.678
220.611
128.123
228.443
217.899
133.668
167.999
116.537
184.653
197.589
146.948
149.956
245.942
207.131
191.176
201.919
239.509
213.369
257.575
190.128
146.463
244.301
184.611
150.432
183.241
259.598
145.477
146.554
201.187
189.12
222.358
225.065
146.494
213.039
164.911
209.164
253.864
206.818
273.82
175.941
165.409
146.75
133.52
180.653
180.33
212.585
184.19
251.045
148.434
157.536
199.59
164.789
127.173
173.575
189.746
131.673
153.322
123.574
151.947
276.862
257.386
229.017
213.14
190.74
127.614
228.681
124.263
156.449
130.697
185.982
203.71
128.936
134.29
200.615
175.838
194.307
174.257
197.54
111.239
172.931
223.221
162.73
134.319
151.856
257.65
132.586
211.025
178.507
90.6453
187.629
219.836
258.797
214.509
215.567
195.938
198.034
133.301
144.782
235.32
98.5997
138.937
238.993
165.192
160.066
268.079
324.597
153.765
135.112
212.14
224.663
178.87
169.416
145.145
130.267
226.936
166.231
199.039
129.079
252.458
136.227
118.198
186.676
148.749
165.307
194.39
129.812
164.495
177.109
178.964
238.768
176.476
221.278
127.011
307.525
170.534
211.489
240.404
195.91
247.953
147.603
168.203
158.261
256.793
161.651
228.425
150.914
187.497
227.557
123.95
204.518
163.76
243.216
127.93
149.977
94.7781
139.669
339.775
163.397
210.35
172.425
218.117
113.351
125.319
165.602
110.937
240.956
299.222
176.989
202.378
181.557
306.37
170.762
197.59
97.3286
265.216
170.365
144.605
191.754
150.781
195.767
142.881
144.525
177.394
184.487
246.852
140.019
183.623
173.528
250.049
252.099
163.195
192.549
228.103
182.304
239.265
112.115
128.685
182.23
182.616
128.395
271.348
133.558
256.387
99.5344
199.095
135.286
199.218
245.599
140.811
122.632
187.502
206.371
164.174
149.102
106.315
164.617
228.754
161.234
146.641
156.933
263.913
161.252
212.476
237.655
205.092
304.023
229.375
236.201
191.946
155.978
227.828
160.354
159.112
281.539
119.308
146.533
149.618
235.937
164.849
197.974
193.464
247.927
175.096
194.446
124.264
163.826
120.169
200.206
167.4
180.773
148.383
130.742
175.118
258.155
145.671
251.972
244.892
171.894
241.261
214.928
245.037
189.978
130.425
185.791
167.837
247.291
123.687
181.835
178.895
165.66
253.942
129.501
162.624
127.354
184.984
147.503
237.754
219.603
210.974
213.696
198.337
236.247
221.311
157.999
179.315
209.132
214.208
231.432
259.191
204.711
115.599
135.947
221.674
176.087
161.295
197.567
144.075
211.112
242.92
157.163
130.664
172.318
266.923
199.279
177.584
124.232
208.624
258.856
178.875
137.534
147.815
181.551
171.153
212.598
194.419
195
146.052
247.608
155.483
151.076
179.44
195.287
137.451
183.794
188.878
231.397
165.286
168.236
160.139
187.004
208.675
210.26
111.771
239.514
167.269
154.089
150.591
146.387
225.071
160.855
300.42
165.146
139.903
183.169
243.716
252.272
225.972
139.7
235.21
177.648
142.127
164.47
167.066
130.339
191.413
126.891
203.563
205.059
182.94
247.435
148.569
178.75
206.168
143.834
118.444
175.694
148.427
156.283
191.693
162.972
133.61
168.477
142.736
274.454
247.535
211.02
152.669
186.544
152.293
200.814
225.239
179.801
187.114
154.642
190.325
171.521
163.331
199.169
165.168
255.13
106.34
165.944
149.224
123.054
128.938
200.014
223.744
131.533
168.844
247.487
265.935
232.058
184.815
252.42
204.213
191.027
259.099
110.833
275.743
148.529
176.011
306.794
155.072
164.57
244.07
156.525
175.55
173.637
234.688
236.408
139.397
163.431
224.917
180.919
167.373
214.661
130.102
160.926
176.032
151.369
119.68
193.161
149.307
168.907
104.908
190.994
119.815
235.199
210.423
171.18
190.774
252.094
117.24
191.675
251.422
133.386
138.192
123.335
262.33
154.898
249.264
227.533
191.403
209.468
200.954
144.543
161.962
162.577
182.727
169.966
129.183
123.072
192.945
156.359
183.797
416.189
157.922
191.952
174.611
208.378
191.438
151.534
157.829
146.612
266.693
203.721
223.484
209.895
164.708
168.325
222.196
259.656
218.351
167.159
152.172
181.605
249.258
193.593
145.079
170.187
145.031
159.811
165.07
222.291
181.877
197.134
193.947
162.273
169.084
247.966
212.332
181.105
212.928
174.721
163.228
143.59
120.336
181.433
277.68
184.31
152.096
141.57
191.987
166.449
157.789
115.041
257.924
118.663
194.237
165.738
236.687
126.703
131.825
169.695
257.1
172.819
160.28
179.336
157.703
274.268
152.036
173.452
189.512
196
164.821
181.367
192.602
166.316
194.766
131.654
143.398
173.31
147.086
247.885
156.611
210.427
196.361
223.401
242.837
153.508
153.542
101.657
197.97
233.587
138.276
141.493
171.007
186.472
225.279
146.956
139.503
176.217
182.678
166.859
226.758
217.034
237.461
228.521
142.151
127.786
202.872
219.534
141.178
178.861
195.069
124.955
219.171
164.849
253.122
283.85
119.284
171.523
138.121
149.389
211.905
219.097
175.57
137.319
178.526
143.606
166.573
130.95
219.336
120.161
136.492
154.409
268.848
206.4
185.502
196.061
258.041
126.635
213.275
173.465
200.678
175.813
327.767
314.468
193.269
200.344
185.512
191.441
142.201
184.495
161.114
191.942
118.012
206.517
199.414
248.627
148.817
256.186
224.259
100.504
128.871
186.568
186
263.692
156.301
308.216
184.011
136.678
151.699
200.139
218.244
168.107
208.971
164.404
195.464
191.936
196.917
103.679
113.53
192.177
147.487
188.335
142.724
142.432
167.277
203.744
278.87
118.916
164.047
207.614
259.34
202.674
206.474
160.278
164.788
169.994
137.301
126.056
174.684
142.575
182.476
170.843
178.665
149.408
98.321
216.537
225.122
222.691
145.185
219.258
142.737
161.447
266.13
198.384
162.326
194.129
179.053
281.383
204.615
175.889
152.833
118.972
174.04
140.888
173.684
247.483
176.188
231.229
211.025
280.5
154.82
218.524
211.583
240.978
201.925
221.494
147.274
151.166
214.218
208.159
151.903
144.041
162.758
212.891
216.692
196.698
137.647
167.135
204.64
243.405
201.331
256.035
143.562
185.996
190.895
170.644
208.171
264.561
173.778
213.998
241.105
188.731
159.849
162.558
151.445
217.682
208.539
165.715
243.151
143.431
343.96
148.175
191.496
173.902
237.722
165.401
127.941
244.419
196.545
168.067
202.698
172.133
145.289
255.036
184.818
186.38
247.175
228.239
173.139
180.321
221.786
248.009
185.141
131.718
278.36
252.988
263.801
152.478
230.468
191.875
148.355
191.086
137.797
235.893
167.152
163.435
165.113
258.853
115.813
118.132
174.548
165.465
135.78
166.914
185.191
271.475
360.76
181.022
268.808
139.15
181.514
198.473
144.551
238.485
187.127
320.994
157.114
135.15
189.932
244.046
152.688
244.038
219.317
138.998
103.84
147.792
170.893
234.884
215.687
151.616
198.626
259.737
195.398
125.946
216.468
164.525
187.971
153.563
140.334
207.444
171.499
240.413
164.781
227.499
170.174
117.703
193.433
183.942
86.101
320.285
284.679
213.415
171.498
208.71
180.758
174.692
322.888
187.004
224.634
150.076
144.448
129.789
175.517
141.422
205.067
167.058
224.272
154.833
180.002
237.084
167.028
141.121
191.974
155.691
225.187
316.926
142.947
190.903
206.438
274.296
211.657
197.378
194.122
157.312
172.421
166.137
201.523
216.096
130.335
184.741
268.129
234.683
213.667
202.18
289.378
118.859
230.822
136.233
221.395
135.723
136.818
153.312
151.556
163.874
136.189
177.896
149.964
296.859
165.18
266.978
151.549
171.432
177.324
195.198
224.765
176.176
186.865
206.936
192.326
166.869
163.388
176.94
188.959
181.929
188.612
235.372
236.1
137.045
147.021
170.063
180.877
231.852
284.427
188.404
134.075
143.255
181.434
116.769
163.572
183.854
161.077
170.583
181
173.124
234.136
156.528
175.57
220.708
203.785
157.289
186.722
275.76
125.001
151.442
167.789
135.136
180.16
260.48
189.666
162.482
180.973
178.317
229.655
152.253
138.724
165.849
182.799
169.178
134.083
216.436
156.603
203.575
135.187
183.9
168.979
202.517
147.601
279.631
216.084
126.787
235.276
273.796
157.848
142.055
184.259
195.839
209.284
154.005
143.629
126.375
181.136
218.575
118.098
259.958
196.789
204.444
126.11
150.247
139.426
134.891
174.938
129.806
249.499
191.128
141.526
246.689
157.019
146.084
206.355
132.635
194.53
182.769
156.943
218.955
130.64
190.333
157.38
186.827
187.023
157.351
272.051
198.203
148.668
236.15
216.881
126.541
230.709
173.734
220.672
216.942
317.707
278.987
174.428
179.489
151.376
219.506
110.223
198.321
135.93
341.336
248.179
163.308
192.011
166.805
241.346
179.677
125.325
198.343
180.64
226.255
147.726
120.285
194.987
160.732
223.984
206.32
163.747
187.371
182.084
139.683
163.126
141.172
154.28
135.375
155.425
230.324
196.394
190.469
196.932
223.135
228.552
208.291
207.778
177.453
179.24
137.802
163.184
204.753
171.443
158.183
144.969
159.177
129.289
201.283
178.135
254.866
185.355
111.202
178.5
165.134
123.18
156.482
154.233
177.761
192.068
224.177
123.377
171.834
115.139
147.263
215.678
217.918
177.482
156.142
193.28
183.615
159.518
355.125
184.627
218.125
206.358
135.087
186.017
270.41
226.792
248.84
232.57
257.719
114.507
173.239
132.98
183.654
212.419
163.982
167.216
174.713
152.906
170.171
214.37
103.482
212.705
244.437
306.839
190.877
198.853
205.046
178.027
130.929
262.696
287.741
223.428
220.135
149.762
243.607
153.803
176.959
114.737
186.598
129.167
165.869
230.058
191.035
156.737
281.606
158.659
201.995
181.092
161.669
142.42
224.962
153.508
239.698
257.934
233.94
202.662
208.118
159.448
155.688
226.626
164.49
187.392
196.985
197.709
184.309
144.425
193.041
167.179
212.203
234.422
151.883
213.332
246.545
169.321
125.734
143.672
152.193
379.296
143.013
263.964
215.307
157.555
251.023
168.185
146.204
229.211
220.363
181.653
119.194
200.241
223.427
234.68
171.307
150.29
158.756
224.095
200.3
243.102
167.943
150.287
220.829
131.836
252.778
160.802
153.415
97.7924
217.645
119.294
350.732
285.497
137.76
166.324
194.643
185.8
231.096
183.816
178.602
118.584
184.816
158.454
182.113
128.728
253.9
253.692
142.022
260.522
166.996
183.417
186.565
221.892
207.594
174.407
165.512
155.927
280.933
178.887
230.298
246.165
128.182
162.312
155.697
184.763
182.632
199.496
180.695
202.339
148.151
156.802
259.418
178.669
208.844
127.464
170.18
250.684
173.671
148.623
172.843
240.02
154.079
109.964
196.616
256.463
215.986
211.568
183.817
157.185
168.991
181.628
220.018
215.06
183.947
177.778
178.368
114.784
131.728
213.894
255.622
205.137
147.782
128.645
184.707
170.653
172.925
170.292
161.585
160.053
146.489
149.055
158.943
151.16
167.846
232.179
172.688
145.518
201.161
191.681
170.993
147.287
205.928
172.089
138.075
196.349
183.336
219.356
149.317
201.658
156.231
235.445
172.291
271.586
223.262
317.233
138.634
159.656
170.883
177.168
187.978
126.363
182.907
186.662
202.955
169.598
306.878
212.262
121.301
154.688
237.854
158.616
147.106
141.442
224.914
177.957
279.671
141.917
212.792
126.402
187.397
172.637
230.276
224.244
168.459
176.264
217.677
171.482
128.045
158.28
181.75
158.965
163.962
179.815
133.009
194.69
242.508
192.135
242.398
148.266
167.904
143.243
168.422
215.702
189.088
235.531
175.942
177.7
210.596
163.764
206.762
128.273
232.858
172.816
190.263
204.928
109.286
156.632
141.372
167.082
141.898
132.652
189.138
309.373
208.022
207.47
181.281
185.126
207.215
167.872
215.689
175.898
207.272
151.383
159.014
201.759
139.475
170.456
152.258
276.32
250.311
122.496
146.138
268.376
275.222
261.968
163.449
158.757
151.052
147.055
204.561
167.775
165.339
111.803
175.485
214.651
155.888
201.86
139.673
153.445
221.871
172.933
150.802
189.359
313.346
161.418
136.019
111.745
183.128
181.857
219.076
211.643
146.733
160.045
228.622
219.88
195.167
233.059
206.844
184.305
137.04
127.492
106.629
192.573
194.116
146.109
213.698
199.376
273.933
163.817
151.598
287.614
152.676
178.569
183.518
133.298
201.122
152.026
198.046
109.17
132.388
172.075
133.896
123.868
223.646
280.651
200.743
184.079
200.398
183.845
142.717
263.817
199.505
253.416
181.315
201.275
189.534
158.917
246.253
230.607
133.387
157.191
136.012
169.965
156.35
170.496
203.058
200.404
175.422
114.001
183.461
153.638
153.45
158.307
167.204
231.072
159.59
154.761
190.625
235.714
132.095
149.121
143.65
126.257
207.481
177.468
143.774
166.746
123.756
168.044
227.656
130.9
211.493
155.968
264.378
144.64
181.498
192.123
142.931
292.914
213.173
147.597
141.027
83.8971
213.351
226.006
224.022
183.309
165.384
156.9
161.624
220.755
150.884
128.814
215.843
222.904
196.295
138.672
190.44
208.495
208.566
191.806
192.435
155.575
185.705
292.378
158.856
157.195
162.012
146.651
138.97
147.593
253.866
215.595
209.219
159.262
116.832
236.826
188.687
142.417
119.557
204.961
146.207
177.667
194.328
135.048
181.128
183.698
206.508
143.725
163.821
152.344
263.779
170.135
121.938
180.669
256.253
244.685
202.005
229.788
149.841
226.788
260.464
222.112
220.172
168.4
152.672
185.87
184.851
134.096
184.755
167.703
191.764
275.627
260.53
147.012
172.631
212.918
226.258
123.831
297.553
270.355
197.69
123.643
130.124
239.5
205.28
179.61
124.166
171.348
120.852
202.978
211.558
159.535
210.588
196.063
308.696
160.835
160.496
162.724
157.468
285.052
231.845
151.854
176.822
193.872
293.526
167.756
177.654
248.072
177.106
197.937
103.665
108.952
183.107
190.003
163.677
154.827
327.264
174.215
139.39
161.004
194.844
156.601
161.374
233.974
231.257
182.197
163.595
232.802
154.184
206.354
198.476
164.892
180.496
201.895
145.694
159.254
180.39
203.845
209.803
154.634
144.365
152.325
146.688
175.906
171.431
185.299
242.573
137.558
135.771
186.99
167.136
162.857
163.414
172.042
367.468
124.686
151.082
191.85
205.456
193.183
145.085
178.009
299.462
215.646
133.641
177.122
191.413
121.675
160.742
149.944
156.519
174.633
229.505
177.41
194.599
232.32
149.725
159.454
168.703
223.05
141.922
199.496
240.132
172.549
129.616
131.322
287.539
196.025
196.669
141.505
127.66
188.256
133.836
262.212
170.94
179.007
161.087
186.301
170.198
132.142
193.451
254.372
184.598
154.647
226.66
149.029
171.399
251.648
185.733
206.217
197.215
302.95
175.625
203.204
175.224
150.381
168.555
231.918
230.438
260.762
176.213
269.089
210.732
139.927
190.75
207.19
164.253
216.179
221.015
183.668
143.041
128.718
206.595
201.389
231.239
102.392
188.423
174.828
169.228
162.897
183.131
189.675
260.636
173.724
148.621
247.282
165.871
153.511
233.008
202.429
149.507
144.235
264.562
175.477
167.447
255.345
183.423
193.691
167.722
126.149
237.586
174.798
273.498
179.336
207.453
180.474
162.699
213.289
209.395
162.002
205.078
208.896
178.053
191.183
151.778
152.449
198.453
203.207
174.098
180.037
173.675
101.934
255.196
214.48
171.266
171.255
197.286
198.666
221.752
196.515
218.687
116.07
166.669
106.061
297.126
163.331
158.03
277.967
195.474
268.496
219.929
152.908
130.197
139.716
156.224
211.075
141.873
137.152
168.891
178.082
191.584
98.7779
186.066
167.337
165.739
196.684
251.162
153.007
197.555
156.526
117.045
230.381
168.455
235.409
163.775
160.584
212.156
169.681
136.275
172.319
147.715
146.691
281.677
138.185
170.798
217.54
155.503
98.6919
154.047
176.411
99.422
176.436
186.402
140.749
163.734
305.775
182.86
174.42
157.065
200.329
127.856
232.042
213.464
114.739
189.45
142.547
228.6
170.477
169.966
116.194
117.699
180.094
216.773
147.976
162.346
236.457
171.975
158.844
160.238
162.093
207.225
167.263
182.321
185.275
218.965
161.989
232.084
242.397
141.182
173.201
275.095
218.22
162.188
197.517
167.526
175.963
161.567
166.638
168.707
155.653
273.809
213.228
200.653
192.156
194.004
226.573
137.806
140.865
160.085
171.564
273.043
167.611
180.281
195.057
141.406
251.3
144.717
151.784
166.982
115.712
199.446
176.281
253.086
149.832
128.442
206.455
120.962
183.636
220.883
89.9824
204.38
202.354
179.198
211.986
117.697
148.875
162.611
175.601
162.702
222.31
200.125
199.685
216.502
153.766
163.403
192.952
169.417
160.998
170.23
207.628
155.259
170.656
203.973
174.795
239.869
214.722
150.332
176.195
166.616
164.124
166.27
146.422
153.807
162.703
165.078
223.042
188.717
216.961
146.749
197.16
221.222
240.514
157.692
196.472
187.779
309.254
182.642
226.906
178.061
236.03
149.559
113.207
228.331
207.361
158.734
139.049
222.401
221.854
170.767
213.914
153.749
133.355
188.732
170.782
137.261
143.666
176.138
234.584
225.147
145.106
209.598
173.96
179.104
169.522
204.243
178.142
183.903
175.182
196.233
167.411
145.502
138.657
173.568
279.952
158.559
162.984
154.056
207.723
224.993
130.229
198.943
153.178
180.06
286.034
149.52
182.106
185.887
208.872
204.024
94.9444
166.726
170.727
180.107
136.627
251.138
163.8
114.566
354.058
199.342
141.706
262.87
189.246
238.119
223.193
231.862
207.666
178.242
167.651
148.103
154.435
167.975
218.491
188.571
206.323
209.147
225.69
223.76
205.551
155.428
172.674
148.486
232.475
124.794
209.785
235.706
155.466
138.095
169.819
227.751
195.89
181.205
232.259
193.609
199.342
128.868
214.406
159.521
154.995
243.819
171.056
144.922
150.247
190.356
167.561
149.01
97.1409
220.59
130.52
136.814
159.497
165.909
291.047
167.767
235.273
187.316
193.411
300.859
139.848
172.042
149.051
129.647
130.972
274.439
248.366
159.988
196.787
196.793
261.86
246.33
166.681
154.499
192.68
156.043
239.148
127.494
158.565
138.486
199.849
244.187
272.725
174.134
176.443
104.053
130.64
191.812
224.573
221.345
172.431
188.018
117.159
234.726
169.064
156.667
258.536
154.924
125.488
165.253
189.747
224.066
126.939
192.682
133.589
246.316
168.758
151.978
135.035
206.719
146.589
174.461
136.972
224.826
189.839
237.166
189.258
173.497
194.166
137.195
166.507
193.578
208.1
153.753
169.288
153.647
163.941
164.246
157.609
156.12
141.136
145.224
213.216
141.543
215.438
124.318
186.07
218.058
145.278
231.232
195.32
216.267
202.006
127.741
319.4
149.917
154.567
277.355
170.805
154.932
135.215
212.923
199.771
167.896
180.46
250.447
178.354
160.032
104.441
216.337
151.907
286.75
153.321
107.182
129.41
190.859
159.563
135.411
167.503
149.022
194.067
207.591
319.164
155.11
154.796
258.379
198.022
166.943
141.103
179.525
203.979
170.683
184.655
171.913
282.984
196.036
179.724
229.616
171.711
200.921
154.697
234.009
195.595
151.571
224.889
168.101
133.226
190.656
134.435
191.688
197.434
172.809
190.83
310.257
148.518
169.397
189.367
234.277
197.121
201.153
169.541
157.259
172.556
163.209
155.695
213.853
180.366
225.396
154.177
152.253
195.118
220.983
238.668
375.773
145.796
154.618
218.812
145.937
138.982
185.29
200.257
169.344
151.889
171.321
239.564
207.412
196.515
189.137
131.087
115.514
218.406
260.829
177.396
140.227
189.341
190.412
222.561
176.464
171.387
195.856
210.126
232.171
169.553
182.095
147.834
250.066
161.347
170.026
126.026
225.406
188.118
164.221
138.304
188.848
142.834
277.924
131.021
236.883
217.52
207.343
148.997
188.788
197.781
231.469
149.312
207.852
178.885
257.894
226.589
188.5
161.124
176.013
262.128
154.896
181.888
175.005
201.517
161.145
234.427
213.863
124.424
135.585
162.082
191.482
220.108
135.287
140.024
216.747
184.948
256.185
209.462
169.376
175.305
200.751
206.075
182.319
166.498
145.065
145.964
192.323
168.592
237.736
239.047
220.053
157.868
237.168
147.548
133.441
111.467
109.581
202.539
190.306
204.361
293.742
133.088
305.34
151.604
180.754
249.141
172.946
152.679
178.961
150.708
157.509
149.881
185.828
94.3542
159.649
193.394
238.968
155.098
122.298
269.676
187.298
246.208
156.257
154.866
323.076
181.444
176.545
147.988
134.917
136.334
165.938
260.492
228.822
218.746
136.106
149.471
133.714
236.188
163.521
221.55
158.11
137.7
136.092
197.229
132.517
192.396
232.406
174.999
153.691
268.635
188.052
196.608
231.011
191.645
162.813
122.673
223.629
339.136
247.044
141.791
155.174
174.286
162.895
156.667
206.546
204.488
188.095
166.969
145.436
217.177
176.078
207.947
135.472
105.636
202.816
208.671
185.763
124.732
220.733
177.973
239.521
141.902
247.907
172.395
163.124
176.012
228.062
210.665
149.937
196.503
184.049
261.035
237.524
218.781
235.039
191.982
165.714
142.66
145.476
203.192
220.417
179.241
171.651
171.002
220.942
193.003
219.008
210.441
205.993
95.8749
179.128
149.368
152.392
180.256
201.82
258.755
161.211
168.623
154.577
105.526
169.639
255.796
239.554
240.617
248.552
135.069
164.865
156.147
125.504
141.042
186.969
165.395
275.792
178.396
169.33
226.946
191.655
210.823
149.036
224.578
216.383
199.579
208.462
164.747
231.951
201.179
164.442
191.344
183.983
164.562
182.468
210.276
142.99
173.777
155.952
176.978
191.241
173.645
220.942
140.858
147.133
189.417
203.605
116.932
143.193
283.984
195.341
161.704
173.555
167.991
132.385
200.481
236.506
188.208
183.432
204.316
158.189
196.71
258.745
153.286
144.887
206.156
189.081
187.216
92.7613
135.637
178.151
132.455
216.874
169.482
133.788
146.803
195.813
139.138
322.99
251.474
185.04
188.022
160.311
173.673
212.135
174.288
164.022
108.099
301.001
187.856
151.138
186.585
140.646
278.398
211.602
190.527
200.463
198.57
237.127
239.633
130.883
229.235
148.244
238.043
154.465
182.169
166.707
148.294
139.11
200.127
143.957
202.228
210.396
155.529
139.199
134.547
147.848
193.187
170.341
194.195
168.601
175.37
136.893
232.79
259.95
151.518
184.635
174.125
136.857
193.852
129.399
182.942
198.432
236.303
130.756
147.803
197.258
219.251
193.921
240.505
126.86
208.098
157.47
164.81
192.083
168.029
165.321
140.55
230.265
162.327
159.21
128.604
186.823
134.615
199.435
167.45
190.349
152.461
200.221
128.481
239.517
236.491
130.71
174.668
164.691
154.245
155.771
276.963
247.029
183.261
190.763
150.194
178.102
219.794
151.899
168.651
235.522
204.87
366.404
232.388
237.814
170.359
241.894
161.328
200.638
191.123
274.897
149.227
194.557
145.367
108.968
178.526
199.947
231.819
143.486
204.196
144.787
185.626
173.527
216.493
155.963
226.812
246.883
278.669
177.182
225.109
187.588
126.596
280.009
195.087
123.026
107.171
216.801
154.293
258.637
211.539
241.651
244.958
254.716
100.062
169.899
146.801
173.206
134.972
170.765
146.141
139.95
206.229
201.818
171.997
103.44
230.592
185.605
218.594
187.504
263.691
141.658
205.045
228.386
190.128
144.591
117.376
201.144
158.815
300.519
155.415
166.85
192.643
87.0662
196.443
151.896
191.219
135.516
178.467
176.906
188.962
211.365
128.105
137.198
200.195
159.075
220.992
95.5516
212.587
212.565
142.398
176.404
254.707
280.456
242.776
168.668
210.437
221.99
168.075
202.753
137.308
163.269
119.979
166.157
151.737
133.252
133.393
222.123
224.484
135.736
142.445
179.508
128.722
137.802
129.38
167.945
261.313
184.519
162.801
211.683
325.197
213.382
205.117
124.463
237.765
185.586
127.88
206.882
210.619
142.547
205.307
203.802
188.533
179.405
249.789
194.899
167.974
195.665
122.436
271.732
151.434
202.395
143.884
274.16
180.759
188.783
167.968
159.136
139.392
209.312
198.077
178.956
141.923
258.811
205.846
165.031
232.705
130.007
142.645
235.48
244.293
181.147
171.798
151.827
155.52
225.079
123.343
153.858
163.957
250.432
212.627
156.708
192.865
145.922
243.446
145.297
173.092
108.894
155.938
136.476
205.489
192.511
165.617
175.479
103.33
158.808
287.739
154.895
203.28
154.788
139.783
212.446
159.474
223.036
149.217
173.774
146.997
194.98
213.706
211.073
146.2
144.626
215.057
182.194
137.665
191.64
237.5
152.554
155.401
173.978
220.055
220.245
186.779
175.262
134.243
164.191
156.044
140.875
167.037
215.153
186.697
202.607
171.469
195.447
198.267
149.327
138.8
127.208
185.171
137.899
242.553
176.449
210.488
163.148
140.985
153.148
180.444
121.742
196.013
128.305
165.398
123.472
243.088
184.709
257.303
181.11
136.12
209.588
131.054
266.317
147.634
115.369
189.622
168.822
216.479
199.094
185.828
191.101
159.283
127.271
197.132
239.684
208.892
212.44
221.965
219.425
164.25
212.367
128.266
151.163
157.464
193.826
113.089
196.801
172.477
153.877
170.422
151.528
187.843
202.02
121.293
146.927
203.294
182.316
245.849
151.606
229.927
157.638
180.545
262.553
181.172
193.863
149.817
156.066
151.471
177.439
154.39
163.579
145.611
164.867
122.184
186.007
203.896
205.964
89.7535
238.449
246.979
159.863
237.256
166.492
185.675
219.936
218.594
198.657
159.718
204.62
189.585
176.47
198.05
299.952
178.67
266.342
164.795
156.065
154.298
148.082
166.881
174.579
134.964
259.917
140.004
189.644
187.679
223.028
161.759
164.57
223.976
167.487
241.208
183.089
130.389
152.417
120.969
135.569
202.067
239.757
159.935
200.363
168.055
121.924
182.203
203.698
98.398
213.158
145.335
311.68
214.075
273.373
163.479
133.427
184.121
123.631
123.95
256.833
144.28
202.166
245.489
176.667
148.767
190.02
216.02
183.188
176.691
233.049
106.044
238.335
190.545
233.389
272.684
199.193
146.918
193.164
237.348
155.934
155.104
201.694
150.161
99.6327
220.05
192.875
119.396
203.59
164.996
171.607
112.302
207.083
224.04
197.974
153.234
233.072
195.998
173.347
175.73
180.034
192.44
181.179
213.253
229.763
200.202
200.083
179.25
210.924
237.534
141.835
171.101
171.293
222.005
143.65
186.181
202.668
165.889
163.034
129.474
170.894
141.637
179.156
127.388
138.207
199.666
160.312
103.034
125.747
195.448
109.964
171.383
224.57
176.647
188.538
193.951
150.482
203.322
210.05
234.806
163.531
152.602
153.162
213.796
116.852
223.802
210.181
253.314
156.572
195.034
168.694
190.768
245.738
230.366
177.267
137.261
127.44
195.84
180.259
174.069
149.564
148.018
199.027
224.138
175.094
206.236
139.163
295.469
165.631
153.515
151.965
144.651
184.241
219.438
186.975
190.523
216.694
166.732
180.695
179.317
235.032
231.432
215.69
175.673
181.096
176.57
179.286
200.214
203.154
126.896
148.132
131.565
176.492
231.261
198.738
270.267
165.585
150.004
168.755
213.884
115.971
191.169
271.694
297.557
161.037
204.521
171.482
217.862
178.293
142.452
166.713
131.383
213.766
326.585
182.383
227.15
260.252
180.223
140.984
155.327
272.249
167.554
120.436
139.39
171.201
277.003
131.012
127.425
252.754
134.327
162.721
197.119
166.166
110.066
162.861
155.193
144.084
201.713
168.054
138.59
212.179
158.092
288.207
171.893
169.279
181.444
175.368
180.004
155.005
161.545
240.406
146.064
128.931
208.661
159.593
179.797
221.086
176.697
247.58
227.529
196.007
182.413
123.987
241.338
193.394
140.334
214.927
191.705
181.467
199.519
171.032
138.998
199.106
197.169
203.999
169.068
192.762
177.994
194.88
155.914
223.048
166.967
193.233
184.211
192.648
149.104
208.884
140.896
233.482
156.805
151.27
172.795
161.843
153.711
200.3
163.551
162.572
202.263
177.914
206.513
190.913
141.983
154.548
126.158
192.745
121.783
210.151
148.099
178.728
153.001
149.768
183.08
109.357
275.874
214.103
203.001
251.028
176.945
208.879
150.287
273.107
213.661
192.176
186.855
168.677
165.006
198.068
264.202
157.044
280.055
152.408
136.519
170.711
133.69
123.306
153.381
299.14
244.091
207.929
147.397
146.352
202.627
304.38
160.354
178.609
202.002
176.283
239.559
156.031
176.21
153.62
191.029
158.776
145.753
125.676
238.852
160.979
211.414
211.337
161.727
90.459
149.841
145.893
159.567
181.508
289.613
197.973
157.011
149.53
143.838
143.31
161.961
145.392
238.446
103.596
241.271
240.604
136.871
185.817
204.565
189.749
135.859
202.572
151.06
158.051
177.855
177.81
211.894
323.443
151.244
125.839
217.23
159.024
257.813
261.3
264.301
205.585
135.751
150.159
124.151
171.392
124.584
139.836
143.553
138.494
284.709
205.321
251.001
135.864
146.624
174.62
263.994
189.507
204.02
234.498
173.623
302.986
148.295
176.927
124.929
169.715
170.157
175.01
225.214
127.932
115.428
191.068
230.645
332.825
106.887
223.762
157.02
220.852
168.261
138.846
163.315
149.427
130.761
209.959
169.496
176.842
182.814
177.776
165.478
137.684
145.779
147.852
207.254
196.518
240.838
186.73
125.206
148.211
199.963
148.696
153.185
251.156
177.871
124.883
237.138
250.154
182.91
209.438
279.847
233.532
131.198
203.475
162.888
205.006
186.394
161.577
167.732
175.924
150.252
242.077
163.199
162.944
180.271
180.939
212.995
287.35
259.837
153.547
175.186
250.061
183.921
206.47
165.358
166.965
121.529
91.2099
154.862
208.09
180.825
157.238
226.726
145.089
128.226
177.231
208.502
126.239
124.52
196.913
115.885
115.77
175.203
125.63
218.623
211.835
121.852
171.163
208.474
177.496
236.537
174.432
174.389
176.778
105.659
151.58
189
175.389
129.411
83.4745
168.716
193.552
326.987
213.106
139.429
220.738
209.16
156.569
222.048
186.335
169.241
197.08
213.587
130.367
123.131
123.85
268.066
125.275
231.291
200.427
152.25
123.827
133.474
242.43
235.611
149.56
195.732
233.737
271.072
202.205
225.127
167.706
140.119
179.756
162.806
146.904
148.38
95.3567
226.615
212.331
153.37
201.232
206.478
193.905
164.985
259.046
231.094
188.197
208.309
151.135
225.598
202.979
178.922
179.696
241.412
161.976
233.745
185.467
206.754
159.621
239.176
204.889
146.776
137.344
185.631
149.249
197.658
168.533
151.255
168.428
222.678
158.981
165.646
146.822
210.307
199.864
194.777
141.307
194.666
259.232
195.456
159.104
268.222
252.282
232.729
176.516
198.66
219.505
153.04
143.883
233.532
170.243
234.034
124.379
189.391
278.511
113.364
215.727
242.159
148.338
135.483
154.552
156.154
176.835
174.749
227.207
178.562
222.986
104.557
167.653
159.302
197.764
140.592
137.443
278.641
195.144
254.057
157.095
142.958
183.111
155.189
277.558
301.973
215.204
177.596
146.202
184.439
153.182
171.56
174.707
201.778
157.27
224.891
191.72
268.319
144.822
119.892
184.896
198.594
171.905
191.118
114.926
194.358
348.407
187.303
248.357
129.645
194.672
143.933
224.543
280.574
223.331
165.231
151.54
169.686
161.769
267.514
172.762
169.029
163.542
112.195
233.079
148.405
212.753
166.728
109.551
119.589
216.968
180.633
206.945
160.972
148.182
274.224
144.843
169.479
200.923
147.874
166.796
169.263
146.361
236.995
167.135
304.243
171.944
133.156
208.027
136.004
170.737
152.672
127.216
167.336
208.943
191.418
170.64
208.284
151.053
194.725
115.11
181.671
135.681
135.279
114.985
137.718
174.316
211.536
190.158
122.515
222.937
192.424
181.234
150.118
218.53
143.572
254.154
197.783
243.689
154.523
125.778
149.283
206.376
181.921
167.452
215.903
312.515
143.379
268.233
159.628
136.542
241.659
292.752
151.736
205.746
139.118
188.902
238.145
226.341
142.746
203.205
170.778
201.389
171.423
174.284
134.297
180.698
254.214
165.429
196.346
155.959
139.388
156.851
212.557
254.596
140.758
123.633
211.8
140.678
230.619
172.247
153.426
219.685
130.801
292.553
124.241
130.829
163.552
148.701
235.747
156.681
256.239
207.46
205.504
143.802
154.256
186.783
209.867
183.609
161.668
164.63
118.84
196.376
253.008
223.666
215.478
138.312
140.837
158.914
135.015
183.606
229.689
243.553
193.895
133.617
110.642
243.551
249.627
163.269
181.789
133.998
163.074
211.19
172.363
173.68
215.48
178.723
207.453
173.761
169.404
207.187
255.29
191.799
151.689
206.145
209.352
202.763
148.895
190.679
216.873
168.24
187.861
217.746
132.812
200.533
179.917
182.041
164.732
223.627
242.519
150.425
292.333
193.198
174.729
254.426
135.452
261.844
152.825
223.023
330.478
100.137
217.182
284.76
213.522
108.669
151.396
257.326
145.153
177.547
148.013
227.488
128.456
150.268
190.439
204.348
104.63
233.041
145.649
166.674
132.932
206.451
129.534
144.521
185.859
161.417
185.882
187.591
198.469
137.462
263.776
160.854
245.431
200.719
203.905
170.091
168.971
113.018
138.568
135.519
118.355
259.693
333.364
